# Axe 0 0
0.43993005 -0.78200793 -0.6813404 0 1 106
-0.12433693 -0.451137 -0.8671553 1 1 106
0.25204656 -0.005584508 -1.2167528 1 0 106
0.43993005 -0.78200793 -0.6813404 0 1 106
0.25204656 -0.005584508 -1.2167528 1 0 106
0.8163135 -0.33645543 -1.0309379 0 0 106
0.44295225 -0.7574488 -0.64678663 0 1 106
0.25506875 0.018974692 -1.182199 1 0 106
-0.121314734 -0.42657784 -0.83260155 1 1 106
0.44295225 -0.7574488 -0.64678663 0 1 106
0.8193357 -0.31189626 -0.99638414 0 0 106
0.25506875 0.018974692 -1.182199 1 0 106
# Axe 1 0.3
0.604785 -0.6198077 -0.81548625 0 1 106
0.08178428 -0.19820806 -0.7100161 1 1 106
0.5157721 0.3171511 -0.6180405 1 0 106
0.604785 -0.6198077 -0.81548625 0 1 106
0.5157721 0.3171511 -0.6180405 1 0 106
1.0387728 -0.10444859 -0.7235106 0 0 106
0.6062168 -0.6284361 -0.7738959 0 1 106
0.51720387 0.3085228 -0.57645017 1 0 106
0.0832161 -0.20683637 -0.6684258 1 1 106
0.6062168 -0.6284361 -0.7738959 0 1 106
1.0402046 -0.113076895 -0.68192035 0 0 106
0.51720387 0.3085228 -0.57645017 1 0 106
# Axe 2 0.55
0.6475131 -0.55052423 -0.85019565 0 1 106
0.13633335 -0.14581922 -0.65703976 1 1 106
0.5844763 0.32580483 -0.45920473 1 0 106
0.6475131 -0.55052423 -0.85019565 0 1 106
0.5844763 0.32580483 -0.45920473 1 0 106
1.095656 -0.07890013 -0.65236056 0 0 106
0.6485271 -0.5677752 -0.81136745 0 1 106
0.5854903 0.30855387 -0.42037654 1 0 106
0.13734734 -0.1630702 -0.6182116 1 1 106
0.6485271 -0.5677752 -0.81136745 0 1 106
1.09667 -0.09615111 -0.6135324 0 0 106
0.5854903 0.30855387 -0.42037654 1 0 106
# Axe 3 0.8
0.5836561 -0.6498692 -0.79730797 0 1 106
0.054977745 -0.22679555 -0.73479456 1 1 106
0.48184142 0.30131185 -0.69887817 1 0 106
0.5836561 -0.6498692 -0.79730797 0 1 106
0.48184142 0.30131185 -0.69887817 1 0 106
1.0105197 -0.12176181 -0.7613916 0 0 106
0.58529377 -0.6540671 -0.75504756 0 1 106
0.48347917 0.29711396 -0.65661776 1 0 106
0.0566155 -0.23099345 -0.69253415 1 1 106
0.58529377 -0.6540671 -0.75504756 0 1 106
1.0121574 -0.1259597 -0.7191312 0 0 106
0.48347917 0.29711396 -0.65661776 1 0 106
# Pickaxe 0 0
0.43235558 -0.78134954 -0.6690898 0 1 105
0.38245246 -0.12146592 -0.51268256 1 1 105
0.27543497 0.02573657 -1.1678762 1 0 105
0.43235558 -0.78134954 -0.6690898 0 1 105
0.27543497 0.02573657 -1.1678762 1 0 105
0.3253381 -0.63414705 -1.3242834 0 0 105
0.4742099 -0.77680594 -0.67490536 0 1 105
0.3172893 0.030280173 -1.1736917 1 0 105
0.42430678 -0.11692232 -0.5184982 1 1 105
0.4742099 -0.77680594 -0.67490536 0 1 105
0.36719242 -0.62960345 -1.330099 0 0 105
0.3172893 0.030280173 -1.1736917 1 0 105
# Pickaxe 1 0.3
0.58671224 -0.6419428 -0.7970961 0 1 105
0.560468 -0.27706656 -0.22388011 1 1 105
0.5041872 0.2934385 -0.5896074 1 0 105
0.58671224 -0.6419428 -0.7970961 0 1 105
0.5041872 0.2934385 -0.5896074 1 0 105
0.53043145 -0.071437776 -1.1628234 0 0 105
0.62903464 -0.63809544 -0.79760736 0 1 105
0.5465096 0.29728585 -0.5901187 1 0 105
0.6027904 -0.2732192 -0.2243914 1 1 105
0.62903464 -0.63809544 -0.79760736 0 1 105
0.57275385 -0.067590415 -1.1633346 0 0 105
0.5465096 0.29728585 -0.5901187 1 0 105
# Pickaxe 2 0.55
0.6268219 -0.5806284 -0.83088493 0 1 105
0.60677516 -0.33763647 -0.19609907 1 1 105
0.5637851 0.29570067 -0.43989402 1 0 105
0.6268219 -0.5806284 -0.83088493 0 1 105
0.5637851 0.29570067 -0.43989402 1 0 105
0.5838317 0.052708745 -1.07468 0 0 105
0.6692183 -0.577671 -0.83067816 0 1 105
0.6061815 0.29865807 -0.43968725 1 0 105
0.64917165 -0.33467904 -0.19589224 1 1 105
0.6692183 -0.577671 -0.83067816 0 1 105
0.6262282 0.05566618 -1.0744731 0 0 105
0.6061815 0.29865807 -0.43968725 1 0 105
# Pickaxe 3 0.8
0.5668927 -0.66838104 -0.7796026 0 1 105
0.53759235 -0.24853827 -0.24549255 1 1 105
0.47475758 0.28210205 -0.66605484 1 0 105
0.5668927 -0.66838104 -0.7796026 0 1 105
0.47475758 0.28210205 -0.66605484 1 0 105
0.50405794 -0.13774072 -1.2001649 0 0 105
0.6091712 -0.6641638 -0.7805983 0 1 105
0.51703614 0.28631926 -0.66705054 1 0 105
0.5798709 -0.24432106 -0.24648818 1 1 105
0.6091712 -0.6641638 -0.7805983 0 1 105
0.5463365 -0.13352351 -1.2011606 0 0 105
0.51703614 0.28631926 -0.66705054 1 0 105
# Shovel 0 0
0.50394315 -0.8720013 -0.7425624 0 1 107
0.46394747 -0.22358552 -0.54167116 1 1 107
0.3781766 -0.028785855 -1.1875012 1 0 107
0.50394315 -0.8720013 -0.7425624 0 1 107
0.3781766 -0.028785855 -1.1875012 1 0 107
0.41817227 -0.6772016 -1.3883924 0 0 107
0.5460295 -0.86804354 -0.746958 0 1 107
0.420263 -0.024828047 -1.1918968 1 0 107
0.5060339 -0.21962771 -0.54606676 1 1 107
0.5460295 -0.86804354 -0.746958 0 1 107
0.46025866 -0.6732439 -1.392788 0 0 107
0.420263 -0.024828047 -1.1918968 1 0 107
# Shovel 1 0.3
0.6054827 -0.7346041 -0.77819043 0 1 107
0.5921122 -0.40986747 -0.18089035 1 1 107
0.5634392 0.1867472 -0.5058962 1 0 107
0.6054827 -0.7346041 -0.77819043 0 1 107
0.5634392 0.1867472 -0.5058962 1 0 107
0.57680964 -0.13798945 -1.1031963 0 0 107
0.64793664 -0.7326306 -0.77831304 0 1 107
0.60589314 0.1887207 -0.5060188 1 0 107
0.6345662 -0.40789396 -0.18101296 1 1 107
0.64793664 -0.7326306 -0.77831304 0 1 107
0.61926365 -0.13601594 -1.1033189 0 0 107
0.60589314 0.1887207 -0.5060188 1 0 107
# Shovel 2 0.55
0.61437064 -0.71513295 -0.78129125 0 1 107
0.603347 -0.43170285 -0.16327357 1 1 107
0.5797068 0.18586254 -0.4469179 1 0 107
0.61437064 -0.71513295 -0.78129125 0 1 107
0.5797068 0.18586254 -0.4469179 1 0 107
0.5907304 -0.09756754 -1.0649356 0 0 107
0.6568394 -0.7135027 -0.78128135 0 1 107
0.6221755 0.18749279 -0.446908 1 0 107
0.64581573 -0.4300726 -0.16326368 1 1 107
0.6568394 -0.7135027 -0.78128135 0 1 107
0.63319916 -0.09593733 -1.0649257 0 0 107
0.6221755 0.18749279 -0.446908 1 0 107
# Shovel 3 0.8
0.57198423 -0.7971072 -0.76457614 0 1 107
0.5497879 -0.33201596 -0.2689983 1 1 107
0.50218767 0.16154465 -0.7343284 1 0 107
0.57198423 -0.7971072 -0.76457614 0 1 107
0.50218767 0.16154465 -0.7343284 1 0 107
0.524384 -0.30354664 -1.2299062 0 0 107
0.6143573 -0.7939898 -0.765604 0 1 107
0.54456073 0.16466215 -0.7353563 1 0 107
0.59216094 -0.32889846 -0.27002618 1 1 107
0.6143573 -0.7939898 -0.765604 0 1 107
0.5667571 -0.30042914 -1.2309341 0 0 107
0.54456073 0.16466215 -0.7353563 1 0 107
# Sword 0 0
0.4631976 -0.6441364 -0.76962084 0 1 108
0.04554451 -0.3747294 -0.3055242 1 1 108
-0.29979908 -0.059536934 -0.7992766 1 0 108
0.4631976 -0.6441364 -0.76962084 0 1 108
-0.29979908 -0.059536934 -0.7992766 1 0 108
0.11785397 -0.328944 -1.2633733 0 0 108
0.48886853 -0.6104517 -0.76607275 0 1 108
-0.27412814 -0.025852203 -0.7957285 1 0 108
0.07121548 -0.34104463 -0.3019761 1 1 108
0.48886853 -0.6104517 -0.76607275 0 1 108
0.14352494 -0.29525924 -1.2598251 0 0 108
-0.27412814 -0.025852203 -0.7957285 1 0 108
# Sword 1 0.3
0.4306626 -0.65647876 -0.8167874 0 1 108
0.7621325 -0.47719908 -0.2507606 1 1 108
0.9442532 0.10911167 -0.5431162 1 0 108
0.4306626 -0.65647876 -0.8167874 0 1 108
0.9442532 0.10911167 -0.5431162 1 0 108
0.61278325 -0.07016802 -1.109143 0 0 108
0.46598256 -0.6748604 -0.83164895 0 1 108
0.97957313 0.09073001 -0.55797774 1 0 108
0.7974525 -0.49558073 -0.2656222 1 1 108
0.46598256 -0.6748604 -0.83164895 0 1 108
0.64810324 -0.08854967 -1.1240046 0 0 108
0.97957313 0.09073001 -0.55797774 1 0 108
# Sword 2 0.55
0.4350801 -0.671239 -0.8288328 0 1 108
0.71242654 -0.4687337 -0.24191669 1 1 108
0.8579455 0.13497177 -0.51897967 1 0 108
0.4350801 -0.671239 -0.8288328 0 1 108
0.8579455 0.13497177 -0.51897967 1 0 108
0.58059907 -0.06753358 -1.1058958 0 0 108
0.47280353 -0.68615174 -0.84151363 0 1 108
0.8956689 0.1200591 -0.5316605 1 0 108
0.75014997 -0.48364636 -0.2545975 1 1 108
0.47280353 -0.68615174 -0.84151363 0 1 108
0.6183225 -0.08244625 -1.1185766 0 0 108
0.8956689 0.1200591 -0.5316605 1 0 108
# Sword 3 0.8
0.47065595 -0.71096015 -0.8411568 0 1 108
0.43787092 -0.41988593 -0.22747862 1 1 108
0.34430045 0.18671295 -0.520194 1 0 108
0.47065595 -0.71096015 -0.8411568 0 1 108
0.34430045 0.18671295 -0.520194 1 0 108
0.37708545 -0.104361266 -1.1338722 0 0 108
0.51270175 -0.70480037 -0.8418322 0 1 108
0.38634625 0.19287279 -0.52086943 1 0 108
0.47991675 -0.41372612 -0.22815406 1 1 108
0.51270175 -0.70480037 -0.8418322 0 1 108
0.41913128 -0.09820145 -1.1345476 0 0 108
0.38634625 0.19287279 -0.52086943 1 0 108
