# Chop 0 0.00
0.59127635 -0.34733206 -0.61040705 0 1 0
0.65383947 -0.1229918 -0.51953727 1 1 0
0.7707259 -0.42889118 0.15519467 1 0 0
0.59127635 -0.34733206 -0.61040705 0 1 0
0.7707259 -0.42889118 0.15519467 1 0 0
0.7081628 -0.6532314 0.06432486 0 0 0
0.4149508 -0.08086926 -0.4590568 0 1 0
0.35238764 -0.30520952 -0.5499266 1 1 0
0.4692741 -0.6111089 0.12480534 1 0 0
0.4149508 -0.08086926 -0.4590568 0 1 0
0.4692741 -0.6111089 0.12480534 1 0 0
0.5318372 -0.38676867 0.21567515 0 0 0
0.4692741 -0.6111089 0.12480534 0 1 0
0.7081628 -0.6532314 0.06432486 1 1 0
0.7707259 -0.42889118 0.15519467 1 0 0
0.4692741 -0.6111089 0.12480534 0 1 0
0.7707259 -0.42889118 0.15519467 1 0 0
0.5318372 -0.38676867 0.21567515 0 0 0
0.4149508 -0.08086926 -0.4590568 0 1 0
0.65383947 -0.1229918 -0.51953727 1 1 0
0.59127635 -0.34733206 -0.61040705 1 0 0
0.4149508 -0.08086926 -0.4590568 0 1 0
0.59127635 -0.34733206 -0.61040705 1 0 0
0.35238764 -0.30520952 -0.5499266 0 0 0
0.35238764 -0.30520952 -0.5499266 0 1 0
0.59127635 -0.34733206 -0.61040705 1 1 0
0.7081628 -0.6532314 0.06432486 1 0 0
0.35238764 -0.30520952 -0.5499266 0 1 0
0.7081628 -0.6532314 0.06432486 1 0 0
0.4692741 -0.6111089 0.12480534 0 0 0
0.65383947 -0.1229918 -0.51953727 0 1 0
0.4149508 -0.08086926 -0.4590568 1 1 0
0.5318372 -0.38676867 0.21567515 1 0 0
0.65383947 -0.1229918 -0.51953727 0 1 0
0.5318372 -0.38676867 0.21567515 1 0 0
0.7707259 -0.42889118 0.15519467 0 0 0
0.50325793 -0.45919272 -0.15062407 0 1 106
1.0282358 -0.3875681 -0.7764581 1 1 106
0.60888404 0.26008525 -1.0541075 1 0 106
0.50325793 -0.45919272 -0.15062407 0 1 106
0.60888404 0.26008525 -1.0541075 1 0 106
0.08390617 0.18846062 -0.4282736 0 0 106
0.4738801 -0.49030587 -0.17882833 0 1 106
0.5795062 0.2289721 -1.0823119 1 0 106
0.998858 -0.41868123 -0.80466235 1 1 106
0.4738801 -0.49030587 -0.17882833 0 1 106
0.054528356 0.15734747 -0.45647782 0 0 106
0.5795062 0.2289721 -1.0823119 1 0 106
# Chop 1 0.05
0.65811443 -0.31972337 -0.5892478 0 1 0
0.733369 -0.10185701 -0.4924438 1 1 0
0.7936245 -0.42269287 0.18278477 1 0 0
0.65811443 -0.31972337 -0.5892478 0 1 0
0.7936245 -0.42269287 0.18278477 1 0 0
0.71836996 -0.6405592 0.085980766 0 0 0
0.495812 -0.041882277 -0.44274783 0 1 0
0.42055744 -0.25974864 -0.53955185 1 1 0
0.4808129 -0.58058447 0.13567677 1 0 0
0.495812 -0.041882277 -0.44274783 0 1 0
0.4808129 -0.58058447 0.13567677 1 0 0
0.55606747 -0.3627181 0.23248076 0 0 0
0.4808129 -0.58058447 0.13567677 0 1 0
0.71836996 -0.6405592 0.085980766 1 1 0
0.7936245 -0.42269287 0.18278477 1 0 0
0.4808129 -0.58058447 0.13567677 0 1 0
0.7936245 -0.42269287 0.18278477 1 0 0
0.55606747 -0.3627181 0.23248076 0 0 0
0.495812 -0.041882277 -0.44274783 0 1 0
0.733369 -0.10185701 -0.4924438 1 1 0
0.65811443 -0.31972337 -0.5892478 1 0 0
0.495812 -0.041882277 -0.44274783 0 1 0
0.65811443 -0.31972337 -0.5892478 1 0 0
0.42055744 -0.25974864 -0.53955185 0 0 0
0.42055744 -0.25974864 -0.53955185 0 1 0
0.65811443 -0.31972337 -0.5892478 1 1 0
0.71836996 -0.6405592 0.085980766 1 0 0
0.42055744 -0.25974864 -0.53955185 0 1 0
0.71836996 -0.6405592 0.085980766 1 0 0
0.4808129 -0.58058447 0.13567677 0 0 0
0.733369 -0.10185701 -0.4924438 0 1 0
0.495812 -0.041882277 -0.44274783 1 1 0
0.55606747 -0.3627181 0.23248076 1 0 0
0.733369 -0.10185701 -0.4924438 0 1 0
0.55606747 -0.3627181 0.23248076 1 0 0
0.7936245 -0.42269287 0.18278477 0 0 0
0.5788466 -0.40046984 -0.11390373 0 1 106
1.0746603 -0.39851534 -0.76702297 1 1 106
0.6540767 0.22978671 -1.0844278 1 0 106
0.5788466 -0.40046984 -0.11390373 0 1 106
0.6540767 0.22978671 -1.0844278 1 0 106
0.15826291 0.22783221 -0.43130857 0 0 106
0.5476167 -0.43340164 -0.13771036 0 1 106
0.62284684 0.1968549 -1.1082344 1 0 106
1.0434306 -0.43144715 -0.7908296 1 1 106
0.5476167 -0.43340164 -0.13771036 0 1 106
0.12703305 0.19490041 -0.4551152 0 0 106
0.62284684 0.1968549 -1.1082344 1 0 106
# Chop 2 0.09
0.63433695 -0.3231553 -0.5959308 0 1 0
0.7058381 -0.10363659 -0.50001884 1 1 0
0.78702414 -0.42419857 0.17314447 1 0 0
0.63433695 -0.3231553 -0.5959308 0 1 0
0.78702414 -0.42419857 0.17314447 1 0 0
0.715523 -0.6437173 0.077232435 0 0 0
0.46781448 -0.049842924 -0.44569564 0 1 0
0.39631334 -0.26936164 -0.5416076 1 1 0
0.47749937 -0.5899237 0.13155566 1 0 0
0.46781448 -0.049842924 -0.44569564 0 1 0
0.47749937 -0.5899237 0.13155566 1 0 0
0.5490005 -0.37040496 0.2274677 0 0 0
0.47749937 -0.5899237 0.13155566 0 1 0
0.715523 -0.6437173 0.077232435 1 1 0
0.78702414 -0.42419857 0.17314447 1 0 0
0.47749937 -0.5899237 0.13155566 0 1 0
0.78702414 -0.42419857 0.17314447 1 0 0
0.5490005 -0.37040496 0.2274677 0 0 0
0.46781448 -0.049842924 -0.44569564 0 1 0
0.7058381 -0.10363659 -0.50001884 1 1 0
0.63433695 -0.3231553 -0.5959308 1 0 0
0.46781448 -0.049842924 -0.44569564 0 1 0
0.63433695 -0.3231553 -0.5959308 1 0 0
0.39631334 -0.26936164 -0.5416076 0 0 0
0.39631334 -0.26936164 -0.5416076 0 1 0
0.63433695 -0.3231553 -0.5959308 1 1 0
0.715523 -0.6437173 0.077232435 1 0 0
0.39631334 -0.26936164 -0.5416076 0 1 0
0.715523 -0.6437173 0.077232435 1 0 0
0.47749937 -0.5899237 0.13155566 0 0 0
0.7058381 -0.10363659 -0.50001884 0 1 0
0.46781448 -0.049842924 -0.44569564 1 1 0
0.5490005 -0.37040496 0.2274677 1 0 0
0.7058381 -0.10363659 -0.50001884 0 1 0
0.5490005 -0.37040496 0.2274677 1 0 0
0.78702414 -0.42419857 0.17314447 0 0 0
0.5516791 -0.41835248 -0.12645462 0 1 106
1.0585197 -0.387829 -0.77033406 1 1 106
0.64046913 0.2512039 -1.069116 1 0 106
0.5516791 -0.41835248 -0.12645462 0 1 106
0.64046913 0.2512039 -1.069116 1 0 106
0.13362846 0.22068042 -0.42523655 0 0 106
0.52101284 -0.45041108 -0.15211377 0 1 106
0.6098029 0.2191453 -1.0947752 1 0 106
1.0278535 -0.4198876 -0.7959932 1 1 106
0.52101284 -0.45041108 -0.15211377 0 1 106
0.102962285 0.18862182 -0.45089573 0 0 106
0.6098029 0.2191453 -1.0947752 1 0 106
# Chop 3 0.14
0.5251615 -0.3727398 -0.6161269 0 1 0
0.5719738 -0.14330626 -0.5285548 1 1 0
0.75215685 -0.4347196 0.13861261 1 0 0
0.5251615 -0.3727398 -0.6161269 0 1 0
0.75215685 -0.4347196 0.13861261 1 0 0
0.70534456 -0.6641531 0.05104056 0 0 0
0.33385345 -0.12270278 -0.45524582 0 1 0
0.28704122 -0.3521363 -0.54281795 1 1 0
0.46722427 -0.6435497 0.12434955 1 0 0
0.33385345 -0.12270278 -0.45524582 0 1 0
0.46722427 -0.6435497 0.12434955 1 0 0
0.51403654 -0.41411614 0.2119216 0 0 0
0.46722427 -0.6435497 0.12434955 0 1 0
0.70534456 -0.6641531 0.05104056 1 1 0
0.75215685 -0.4347196 0.13861261 1 0 0
0.46722427 -0.6435497 0.12434955 0 1 0
0.75215685 -0.4347196 0.13861261 1 0 0
0.51403654 -0.41411614 0.2119216 0 0 0
0.33385345 -0.12270278 -0.45524582 0 1 0
0.5719738 -0.14330626 -0.5285548 1 1 0
0.5251615 -0.3727398 -0.6161269 1 0 0
0.33385345 -0.12270278 -0.45524582 0 1 0
0.5251615 -0.3727398 -0.6161269 1 0 0
0.28704122 -0.3521363 -0.54281795 0 0 0
0.28704122 -0.3521363 -0.54281795 0 1 0
0.5251615 -0.3727398 -0.6161269 1 1 0
0.70534456 -0.6641531 0.05104056 1 0 0
0.28704122 -0.3521363 -0.54281795 0 1 0
0.70534456 -0.6641531 0.05104056 1 0 0
0.46722427 -0.6435497 0.12434955 0 0 0
0.5719738 -0.14330626 -0.5285548 0 1 0
0.33385345 -0.12270278 -0.45524582 1 1 0
0.51403654 -0.41411614 0.2119216 1 0 0
0.5719738 -0.14330626 -0.5285548 0 1 0
0.51403654 -0.41411614 0.2119216 1 0 0
0.75215685 -0.4347196 0.13861261 0 0 0
0.4327663 -0.52335334 -0.1791588 0 1 106
0.9796959 -0.36786127 -0.76999724 1 1 106
0.5558268 0.299818 -0.9866516 1 0 106
0.4327663 -0.52335334 -0.1791588 0 1 106
0.5558268 0.299818 -0.9866516 1 0 106
0.0088971555 0.14432594 -0.39581317 0 0 106
0.40526608 -0.55147326 -0.21201569 0 1 106
0.52832663 0.27169815 -1.0195085 1 0 106
0.95219576 -0.39598116 -0.8028541 1 1 106
0.40526608 -0.55147326 -0.21201569 0 1 106
-0.018603057 0.116206065 -0.42867005 0 0 106
0.52832663 0.27169815 -1.0195085 1 0 106
# Chop 4 0.18
0.36919057 -0.48721138 -0.64155304 0 1 0
0.37370086 -0.24835387 -0.5678866 1 1 0
0.6883267 -0.45441797 0.08099571 1 0 0
0.36919057 -0.48721138 -0.64155304 0 1 0
0.6883267 -0.45441797 0.08099571 1 0 0
0.68381643 -0.69327545 0.007329203 0 0 0
0.14680699 -0.27535483 -0.4664464 0 1 0
0.14229664 -0.51421237 -0.54011285 1 1 0
0.45692253 -0.7202765 0.10876942 1 0 0
0.14680699 -0.27535483 -0.4664464 0 1 0
0.45692253 -0.7202765 0.10876942 1 0 0
0.46143284 -0.48141894 0.18243593 0 0 0
0.45692253 -0.7202765 0.10876942 0 1 0
0.68381643 -0.69327545 0.007329203 1 1 0
0.6883267 -0.45441797 0.08099571 1 0 0
0.45692253 -0.7202765 0.10876942 0 1 0
0.6883267 -0.45441797 0.08099571 1 0 0
0.46143284 -0.48141894 0.18243593 0 0 0
0.14680699 -0.27535483 -0.4664464 0 1 0
0.37370086 -0.24835387 -0.5678866 1 1 0
0.36919057 -0.48721138 -0.64155304 1 0 0
0.14680699 -0.27535483 -0.4664464 0 1 0
0.36919057 -0.48721138 -0.64155304 1 0 0
0.14229664 -0.51421237 -0.54011285 0 0 0
0.14229664 -0.51421237 -0.54011285 0 1 0
0.36919057 -0.48721138 -0.64155304 1 1 0
0.68381643 -0.69327545 0.007329203 1 0 0
0.14229664 -0.51421237 -0.54011285 0 1 0
0.68381643 -0.69327545 0.007329203 1 0 0
0.45692253 -0.7202765 0.10876942 0 0 0
0.37370086 -0.24835387 -0.5678866 0 1 0
0.14680699 -0.27535483 -0.4664464 1 1 0
0.46143284 -0.48141894 0.18243593 1 0 0
0.37370086 -0.24835387 -0.5678866 0 1 0
0.46143284 -0.48141894 0.18243593 1 0 0
0.6883267 -0.45441797 0.08099571 0 0 0
0.27407598 -0.70413244 -0.2713356 0 1 106
0.85026824 -0.38832235 -0.76191324 1 1 106
0.41474253 0.30328473 -0.82822317 1 0 106
0.27407598 -0.70413244 -0.2713356 0 1 106
0.41474253 0.30328473 -0.82822317 1 0 106
-0.16144976 -0.012525365 -0.33764553 0 0 106
0.24981183 -0.72332954 -0.3121925 0 1 106
0.39047837 0.2840876 -0.86908007 1 0 106
0.82600415 -0.40751946 -0.80277014 1 1 106
0.24981183 -0.72332954 -0.3121925 0 1 106
-0.18571389 -0.0317225 -0.37850243 0 0 106
0.39047837 0.2840876 -0.86908007 1 0 106
# Chop 5 0.23
0.21441233 -0.6295699 -0.6918134 0 1 0
0.17778099 -0.38915786 -0.6338462 1 1 0
0.6002093 -0.47284886 -0.01980213 1 0 0
0.21441233 -0.6295699 -0.6918134 0 1 0
0.6002093 -0.47284886 -0.01980213 1 0 0
0.63684064 -0.7132609 -0.07776935 0 0 0
-0.025518894 -0.4517982 -0.5025247 0 1 0
0.011112452 -0.6922102 -0.56049186 1 1 0
0.43354073 -0.7759012 0.05355216 1 0 0
-0.025518894 -0.4517982 -0.5025247 0 1 0
0.43354073 -0.7759012 0.05355216 1 0 0
0.39690942 -0.5354892 0.111519374 0 0 0
0.43354073 -0.7759012 0.05355216 0 1 0
0.63684064 -0.7132609 -0.07776935 1 1 0
0.6002093 -0.47284886 -0.01980213 1 0 0
0.43354073 -0.7759012 0.05355216 0 1 0
0.6002093 -0.47284886 -0.01980213 1 0 0
0.39690942 -0.5354892 0.111519374 0 0 0
-0.025518894 -0.4517982 -0.5025247 0 1 0
0.17778099 -0.38915786 -0.6338462 1 1 0
0.21441233 -0.6295699 -0.6918134 1 0 0
-0.025518894 -0.4517982 -0.5025247 0 1 0
0.21441233 -0.6295699 -0.6918134 1 0 0
0.011112452 -0.6922102 -0.56049186 0 0 0
0.011112452 -0.6922102 -0.56049186 0 1 0
0.21441233 -0.6295699 -0.6918134 1 1 0
0.63684064 -0.7132609 -0.07776935 1 0 0
0.011112452 -0.6922102 -0.56049186 0 1 0
0.63684064 -0.7132609 -0.07776935 1 0 0
0.43354073 -0.7759012 0.05355216 0 0 0
0.17778099 -0.38915786 -0.6338462 0 1 0
-0.025518894 -0.4517982 -0.5025247 1 1 0
0.39690942 -0.5354892 0.111519374 1 0 0
0.17778099 -0.38915786 -0.6338462 0 1 0
0.39690942 -0.5354892 0.111519374 1 0 0
0.6002093 -0.47284886 -0.01980213 0 0 0
0.10542776 -0.88554245 -0.41503188 0 1 106
0.71459514 -0.47247016 -0.77653766 1 1 106
0.31449157 0.23138064 -0.64649475 1 0 106
0.10542776 -0.88554245 -0.41503188 0 1 106
0.31449157 0.23138064 -0.64649475 1 0 106
-0.29467577 -0.18169165 -0.284989 0 0 106
0.08193971 -0.89052886 -0.4603089 0 1 106
0.29100353 0.22639424 -0.69177175 1 0 106
0.6911071 -0.47745657 -0.82181466 1 1 106
0.08193971 -0.89052886 -0.4603089 0 1 106
-0.3181638 -0.18667805 -0.330266 0 0 106
0.29100353 0.22639424 -0.69177175 1 0 106
# Chop 6 0.28
0.114896476 -0.7620712 -0.73529327 0 1 0
0.044130623 -0.52637887 -0.6912329 1 1 0
0.51982653 -0.4917546 -0.112428516 1 0 0
0.114896476 -0.7620712 -0.73529327 0 1 0
0.51982653 -0.4917546 -0.112428516 1 0 0
0.5905924 -0.7274469 -0.15648891 0 0 0
-0.1357283 -0.60893744 -0.5384755 0 1 0
-0.06496245 -0.84462976 -0.58253586 1 1 0
0.41073346 -0.8100055 -0.0037314557 1 0 0
-0.1357283 -0.60893744 -0.5384755 0 1 0
0.41073346 -0.8100055 -0.0037314557 1 0 0
0.3399676 -0.57431316 0.040328935 0 0 0
0.41073346 -0.8100055 -0.0037314557 0 1 0
0.5905924 -0.7274469 -0.15648891 1 1 0
0.51982653 -0.4917546 -0.112428516 1 0 0
0.41073346 -0.8100055 -0.0037314557 0 1 0
0.51982653 -0.4917546 -0.112428516 1 0 0
0.3399676 -0.57431316 0.040328935 0 0 0
-0.1357283 -0.60893744 -0.5384755 0 1 0
0.044130623 -0.52637887 -0.6912329 1 1 0
0.114896476 -0.7620712 -0.73529327 1 0 0
-0.1357283 -0.60893744 -0.5384755 0 1 0
0.114896476 -0.7620712 -0.73529327 1 0 0
-0.06496245 -0.84462976 -0.58253586 0 0 0
-0.06496245 -0.84462976 -0.58253586 0 1 0
0.114896476 -0.7620712 -0.73529327 1 1 0
0.5905924 -0.7274469 -0.15648891 1 0 0
-0.06496245 -0.84462976 -0.58253586 0 1 0
0.5905924 -0.7274469 -0.15648891 1 0 0
0.41073346 -0.8100055 -0.0037314557 0 0 0
0.044130623 -0.52637887 -0.6912329 0 1 0
-0.1357283 -0.60893744 -0.5384755 1 1 0
0.3399676 -0.57431316 0.040328935 1 0 0
0.044130623 -0.52637887 -0.6912329 0 1 0
0.3399676 -0.57431316 0.040328935 1 0 0
0.51982653 -0.4917546 -0.112428516 0 0 0
-0.015589938 -1.020716 -0.53540874 0 1 106
0.62510884 -0.5818604 -0.7986783 1 1 106
0.2728945 0.10230464 -0.51537055 1 0 106
-0.015589938 -1.020716 -0.53540874 0 1 106
0.2728945 0.10230464 -0.51537055 1 0 106
-0.36780423 -0.3365509 -0.25210097 0 0 106
-0.03879504 -1.0139487 -0.58060044 0 1 106
0.24968942 0.10907203 -0.56056225 1 0 106
0.6019037 -0.5750931 -0.84387004 1 1 106
-0.03879504 -1.0139487 -0.58060044 0 1 106
-0.39100933 -0.32978356 -0.29729268 0 0 106
0.24968942 0.10907203 -0.56056225 1 0 106
# Chop 7 0.32
0.1181857 -0.7885538 -0.73250216 0 1 0
0.041841388 -0.55418926 -0.69073087 1 1 0
0.5141727 -0.50377285 -0.11033325 1 0 0
0.1181857 -0.7885538 -0.73250216 0 1 0
0.5141727 -0.50377285 -0.11033325 1 0 0
0.590517 -0.7381373 -0.15210456 0 0 0
-0.13671672 -0.63957584 -0.53800195 0 1 0
-0.06037247 -0.87394035 -0.57977325 1 1 0
0.4119588 -0.8235239 0.00062434 1 0 0
-0.13671672 -0.63957584 -0.53800195 0 1 0
0.4119588 -0.8235239 0.00062434 1 0 0
0.3356145 -0.5891594 0.04239565 0 0 0
0.4119588 -0.8235239 0.00062434 0 1 0
0.590517 -0.7381373 -0.15210456 1 1 0
0.5141727 -0.50377285 -0.11033325 1 0 0
0.4119588 -0.8235239 0.00062434 0 1 0
0.5141727 -0.50377285 -0.11033325 1 0 0
0.3356145 -0.5891594 0.04239565 0 0 0
-0.13671672 -0.63957584 -0.53800195 0 1 0
0.041841388 -0.55418926 -0.69073087 1 1 0
0.1181857 -0.7885538 -0.73250216 1 0 0
-0.13671672 -0.63957584 -0.53800195 0 1 0
0.1181857 -0.7885538 -0.73250216 1 0 0
-0.06037247 -0.87394035 -0.57977325 0 0 0
-0.06037247 -0.87394035 -0.57977325 0 1 0
0.1181857 -0.7885538 -0.73250216 1 1 0
0.590517 -0.7381373 -0.15210456 1 0 0
-0.06037247 -0.87394035 -0.57977325 0 1 0
0.590517 -0.7381373 -0.15210456 1 0 0
0.4119588 -0.8235239 0.00062434 0 0 0
0.041841388 -0.55418926 -0.69073087 0 1 0
-0.13671672 -0.63957584 -0.53800195 1 1 0
0.3356145 -0.5891594 0.04239565 1 0 0
0.041841388 -0.55418926 -0.69073087 0 1 0
0.3356145 -0.5891594 0.04239565 1 0 0
0.5141727 -0.50377285 -0.11033325 0 0 0
-0.003042303 -1.0488883 -0.5256327 0 1 106
0.6222464 -0.5942054 -0.79890436 1 1 106
0.24609628 0.08367205 -0.53170925 1 0 106
-0.003042303 -1.0488883 -0.5256327 0 1 106
0.24609628 0.08367205 -0.53170925 1 0 106
-0.37919238 -0.3710109 -0.2584375 0 0 106
-0.026421398 -1.0439887 -0.5709755 0 1 106
0.2227172 0.08857167 -0.57705206 1 0 106
0.5988673 -0.58930576 -0.8442472 1 1 106
-0.026421398 -1.0439887 -0.5709755 0 1 106
-0.40257147 -0.36611128 -0.30378038 0 0 106
0.2227172 0.08857167 -0.57705206 1 0 106
# Chop 8 0.37
0.18578458 -0.6767944 -0.71477056 0 1 0
0.14182132 -0.4363364 -0.662357 1 1 0
0.57502925 -0.4900685 -0.05248508 1 0 0
0.18578458 -0.6767944 -0.71477056 0 1 0
0.57502925 -0.4900685 -0.05248508 1 0 0
0.61899257 -0.7305265 -0.10489865 0 0 0
-0.057465196 -0.50236034 -0.5266155 0 1 0
-0.013501883 -0.74281836 -0.5790291 1 1 0
0.41970608 -0.79655045 0.030842796 1 0 0
-0.057465196 -0.50236034 -0.5266155 0 1 0
0.41970608 -0.79655045 0.030842796 1 0 0
0.3757428 -0.55609244 0.083256364 0 0 0
0.41970608 -0.79655045 0.030842796 0 1 0
0.61899257 -0.7305265 -0.10489865 1 1 0
0.57502925 -0.4900685 -0.05248508 1 0 0
0.41970608 -0.79655045 0.030842796 0 1 0
0.57502925 -0.4900685 -0.05248508 1 0 0
0.3757428 -0.55609244 0.083256364 0 0 0
-0.057465196 -0.50236034 -0.5266155 0 1 0
0.14182132 -0.4363364 -0.662357 1 1 0
0.18578458 -0.6767944 -0.71477056 1 0 0
-0.057465196 -0.50236034 -0.5266155 0 1 0
0.18578458 -0.6767944 -0.71477056 1 0 0
-0.013501883 -0.74281836 -0.5790291 0 0 0
-0.013501883 -0.74281836 -0.5790291 0 1 0
0.18578458 -0.6767944 -0.71477056 1 1 0
0.61899257 -0.7305265 -0.10489865 1 0 0
-0.013501883 -0.74281836 -0.5790291 0 1 0
0.61899257 -0.7305265 -0.10489865 1 0 0
0.41970608 -0.79655045 0.030842796 0 0 0
0.14182132 -0.4363364 -0.662357 0 1 0
-0.057465196 -0.50236034 -0.5266155 1 1 0
0.3757428 -0.55609244 0.083256364 1 0 0
0.14182132 -0.4363364 -0.662357 0 1 0
0.3757428 -0.55609244 0.083256364 1 0 0
0.57502925 -0.4900685 -0.05248508 0 0 0
0.08204395 -0.93079543 -0.43910056 0 1 106
0.68324494 -0.50872195 -0.80353326 1 1 106
0.2736359 0.18916905 -0.6709877 1 0 106
0.08204395 -0.93079543 -0.43910056 0 1 106
0.2736359 0.18916905 -0.6709877 1 0 106
-0.32756507 -0.23290437 -0.3065551 0 0 106
0.058394693 -0.9360994 -0.48425746 0 1 106
0.24998665 0.18386507 -0.7161446 1 0 106
0.65959567 -0.514026 -0.8486901 1 1 106
0.058394693 -0.9360994 -0.48425746 0 1 106
-0.35121432 -0.23820838 -0.35171193 0 0 106
0.24998665 0.18386507 -0.7161446 1 0 106
# Chop 9 0.41
0.3796923 -0.47019336 -0.6710474 0 1 0
0.39672306 -0.23166645 -0.59814423 1 1 0
0.6860593 -0.45272648 0.05753631 1 0 0
0.3796923 -0.47019336 -0.6710474 0 1 0
0.6860593 -0.45272648 0.05753631 1 0 0
0.66902846 -0.6912534 -0.0153668 0 0 0
0.16670516 -0.2449021 -0.5011051 0 1 0
0.14967439 -0.483429 -0.5740083 1 1 0
0.4390106 -0.7044891 0.08167227 1 0 0
0.16670516 -0.2449021 -0.5011051 0 1 0
0.4390106 -0.7044891 0.08167227 1 0 0
0.45604137 -0.46596217 0.15457538 0 0 0
0.4390106 -0.7044891 0.08167227 0 1 0
0.66902846 -0.6912534 -0.0153668 1 1 0
0.6860593 -0.45272648 0.05753631 1 0 0
0.4390106 -0.7044891 0.08167227 0 1 0
0.6860593 -0.45272648 0.05753631 1 0 0
0.45604137 -0.46596217 0.15457538 0 0 0
0.16670516 -0.2449021 -0.5011051 0 1 0
0.39672306 -0.23166645 -0.59814423 1 1 0
0.3796923 -0.47019336 -0.6710474 1 0 0
0.16670516 -0.2449021 -0.5011051 0 1 0
0.3796923 -0.47019336 -0.6710474 1 0 0
0.14967439 -0.483429 -0.5740083 0 0 0
0.14967439 -0.483429 -0.5740083 0 1 0
0.3796923 -0.47019336 -0.6710474 1 1 0
0.66902846 -0.6912534 -0.0153668 1 0 0
0.14967439 -0.483429 -0.5740083 0 1 0
0.66902846 -0.6912534 -0.0153668 1 0 0
0.4390106 -0.7044891 0.08167227 0 0 0
0.39672306 -0.23166645 -0.59814423 0 1 0
0.16670516 -0.2449021 -0.5011051 1 1 0
0.45604137 -0.46596217 0.15457538 1 0 0
0.39672306 -0.23166645 -0.59814423 0 1 0
0.45604137 -0.46596217 0.15457538 1 0 0
0.6860593 -0.45272648 0.05753631 0 0 0
0.28017247 -0.6705842 -0.28573665 0 1 106
0.8593476 -0.39769855 -0.798074 1 1 106
0.44021326 0.29961 -0.9004805 1 0 106
0.28017247 -0.6705842 -0.28573665 0 1 106
0.44021326 0.29961 -0.9004805 1 0 106
-0.13896188 0.026724368 -0.38814312 0 0 106
0.25507247 -0.69147205 -0.3252366 0 1 106
0.41511327 0.27872208 -0.9399804 1 0 106
0.8342476 -0.41858646 -0.83757395 1 1 106
0.25507247 -0.69147205 -0.3252366 0 1 106
-0.16406187 0.005836457 -0.4276431 0 0 106
0.41511327 0.27872208 -0.9399804 1 0 106
# Chop 10 rest
0.37065703 -0.5938717 -0.66399354 0 1 0
0.33707297 -0.35671896 -0.5923646 1 1 0
0.65515685 -0.51142704 0.06898862 1 0 0
0.37065703 -0.5938717 -0.66399354 0 1 0
0.65515685 -0.51142704 0.06898862 1 0 0
0.68874085 -0.7485798 -0.0026402622 0 0 0
0.11317527 -0.41671216 -0.49871296 0 1 0
0.14675933 -0.6538649 -0.5703419 1 1 0
0.46484315 -0.808573 0.091011375 1 0 0
0.11317527 -0.41671216 -0.49871296 0 1 0
0.46484315 -0.808573 0.091011375 1 0 0
0.43125913 -0.57142025 0.16264026 0 0 0
0.46484315 -0.808573 0.091011375 0 1 0
0.68874085 -0.7485798 -0.0026402622 1 1 0
0.65515685 -0.51142704 0.06898862 1 0 0
0.46484315 -0.808573 0.091011375 0 1 0
0.65515685 -0.51142704 0.06898862 1 0 0
0.43125913 -0.57142025 0.16264026 0 0 0
0.11317527 -0.41671216 -0.49871296 0 1 0
0.33707297 -0.35671896 -0.5923646 1 1 0
0.37065703 -0.5938717 -0.66399354 1 0 0
0.11317527 -0.41671216 -0.49871296 0 1 0
0.37065703 -0.5938717 -0.66399354 1 0 0
0.14675933 -0.6538649 -0.5703419 0 0 0
0.14675933 -0.6538649 -0.5703419 0 1 0
0.37065703 -0.5938717 -0.66399354 1 1 0
0.68874085 -0.7485798 -0.0026402622 1 0 0
0.14675933 -0.6538649 -0.5703419 0 1 0
0.68874085 -0.7485798 -0.0026402622 1 0 0
0.46484315 -0.808573 0.091011375 0 0 0
0.33707297 -0.35671896 -0.5923646 0 1 0
0.11317527 -0.41671216 -0.49871296 1 1 0
0.43125913 -0.57142025 0.16264026 1 0 0
0.33707297 -0.35671896 -0.5923646 0 1 0
0.43125913 -0.57142025 0.16264026 1 0 0
0.65515685 -0.51142704 0.06898862 0 0 0
0.24088217 -0.8406997 -0.3373084 0 1 106
0.59342563 -0.13874859 -0.10198358 1 1 106
0.32784957 0.22445306 -0.7875154 1 0 106
0.24088217 -0.8406997 -0.3373084 0 1 106
0.32784957 0.22445306 -0.7875154 1 0 106
-0.024693877 -0.47749802 -1.0228403 0 0 106
0.28407425 -0.8543569 -0.36127687 0 1 106
0.37104166 0.21079585 -0.81148386 1 0 106
0.63661766 -0.15240583 -0.12595198 1 1 106
0.28407425 -0.8543569 -0.36127687 0 1 106
0.018498212 -0.49115527 -1.0468087 0 0 106
0.37104166 0.21079585 -0.81148386 1 0 106
# Pick 0 0.00
0.5155759 -0.35494307 -0.6179163 0 1 0
0.5413898 -0.1231471 -0.52789253 1 1 0
0.73306465 -0.40410206 0.1405572 1 0 0
0.5155759 -0.35494307 -0.6179163 0 1 0
0.73306465 -0.40410206 0.1405572 1 0 0
0.7072508 -0.635898 0.05053345 0 0 0
0.30107436 -0.1231471 -0.45898324 0 1 0
0.27526048 -0.35494307 -0.549007 1 1 0
0.46693537 -0.635898 0.11944279 1 0 0
0.30107436 -0.1231471 -0.45898324 0 1 0
0.46693537 -0.635898 0.11944279 1 0 0
0.49274927 -0.40410206 0.20946655 0 0 0
0.46693537 -0.635898 0.11944279 0 1 0
0.7072508 -0.635898 0.05053345 1 1 0
0.73306465 -0.40410206 0.1405572 1 0 0
0.46693537 -0.635898 0.11944279 0 1 0
0.73306465 -0.40410206 0.1405572 1 0 0
0.49274927 -0.40410206 0.20946655 0 0 0
0.30107436 -0.1231471 -0.45898324 0 1 0
0.5413898 -0.1231471 -0.52789253 1 1 0
0.5155759 -0.35494307 -0.6179163 1 0 0
0.30107436 -0.1231471 -0.45898324 0 1 0
0.5155759 -0.35494307 -0.6179163 1 0 0
0.27526048 -0.35494307 -0.549007 0 0 0
0.27526048 -0.35494307 -0.549007 0 1 0
0.5155759 -0.35494307 -0.6179163 1 1 0
0.7072508 -0.635898 0.05053345 1 0 0
0.27526048 -0.35494307 -0.549007 0 1 0
0.7072508 -0.635898 0.05053345 1 0 0
0.46693537 -0.635898 0.11944279 0 0 0
0.5413898 -0.1231471 -0.52789253 0 1 0
0.30107436 -0.1231471 -0.45898324 1 1 0
0.49274927 -0.40410206 0.20946655 1 0 0
0.5413898 -0.1231471 -0.52789253 0 1 0
0.49274927 -0.40410206 0.20946655 1 0 0
0.73306465 -0.40410206 0.1405572 0 0 0
0.4472304 -0.470647 -0.14831144 0 1 105
0.7544666 0.2541524 -0.3778147 1 1 105
0.34455636 0.2036021 -1.086206 1 0 105
0.4472304 -0.470647 -0.14831144 0 1 105
0.34455636 0.2036021 -1.086206 1 0 105
0.037320197 -0.5211973 -0.85670274 0 0 105
0.48724893 -0.49440607 -0.16977268 0 1 105
0.3845749 0.17984304 -1.1076672 1 0 105
0.7944851 0.23039332 -0.39927596 1 1 105
0.48724893 -0.49440607 -0.16977268 0 1 105
0.077338696 -0.5449563 -0.878164 0 0 105
0.3845749 0.17984304 -1.1076672 1 0 105
# Pick 1 0.04
0.5686006 -0.31728762 -0.59878325 0 1 0
0.6044184 -0.089223266 -0.5028472 1 1 0
0.753232 -0.3939848 0.16608843 1 0 0
0.5686006 -0.31728762 -0.59878325 0 1 0
0.753232 -0.3939848 0.16608843 1 0 0
0.7174142 -0.62204915 0.07015235 0 0 0
0.362021 -0.07631236 -0.44304064 0 1 0
0.32620326 -0.30437672 -0.53897667 1 1 0
0.47501686 -0.60913825 0.12995896 1 0 0
0.362021 -0.07631236 -0.44304064 0 1 0
0.47501686 -0.60913825 0.12995896 1 0 0
0.51083463 -0.3810739 0.22589505 0 0 0
0.47501686 -0.60913825 0.12995896 0 1 0
0.7174142 -0.62204915 0.07015235 1 1 0
0.753232 -0.3939848 0.16608843 1 0 0
0.47501686 -0.60913825 0.12995896 0 1 0
0.753232 -0.3939848 0.16608843 1 0 0
0.51083463 -0.3810739 0.22589505 0 0 0
0.362021 -0.07631236 -0.44304064 0 1 0
0.6044184 -0.089223266 -0.5028472 1 1 0
0.5686006 -0.31728762 -0.59878325 1 0 0
0.362021 -0.07631236 -0.44304064 0 1 0
0.5686006 -0.31728762 -0.59878325 1 0 0
0.32620326 -0.30437672 -0.53897667 0 0 0
0.32620326 -0.30437672 -0.53897667 0 1 0
0.5686006 -0.31728762 -0.59878325 1 1 0
0.7174142 -0.62204915 0.07015235 1 0 0
0.32620326 -0.30437672 -0.53897667 0 1 0
0.7174142 -0.62204915 0.07015235 1 0 0
0.47501686 -0.60913825 0.12995896 0 0 0
0.6044184 -0.089223266 -0.5028472 0 1 0
0.362021 -0.07631236 -0.44304064 1 1 0
0.51083463 -0.3810739 0.22589505 1 0 0
0.6044184 -0.089223266 -0.5028472 0 1 0
0.51083463 -0.3810739 0.22589505 1 0 0
0.753232 -0.3939848 0.16608843 0 0 0
0.51066715 -0.40080047 -0.11335379 0 1 105
0.8029096 0.29786372 -0.42777827 1 1 105
0.36662814 0.17298777 -1.1107603 1 0 105
0.51066715 -0.40080047 -0.11335379 0 1 105
0.36662814 0.17298777 -1.1107603 1 0 105
0.07438573 -0.5256764 -0.7963359 0 0 105
0.5500299 -0.4264692 -0.133805 0 1 105
0.4059909 0.14731903 -1.1312115 1 0 105
0.8422723 0.27219498 -0.4482295 1 1 105
0.5500299 -0.4264692 -0.133805 0 1 105
0.11374846 -0.55134517 -0.8167871 0 0 105
0.4059909 0.14731903 -1.1312115 1 0 105
# Pick 2 0.08
0.5524156 -0.32533547 -0.6047337 0 1 0
0.58689475 -0.09665921 -0.5097687 1 1 0
0.7493117 -0.39823005 0.15744627 1 0 0
0.5524156 -0.32533547 -0.6047337 0 1 0
0.7493117 -0.39823005 0.15744627 1 0 0
0.71483254 -0.6269063 0.06248124 0 0 0
0.34527487 -0.0865511 -0.4463836 0 1 0
0.31079572 -0.31522736 -0.5413486 1 1 0
0.47321272 -0.6167982 0.12586632 1 0 0
0.34527487 -0.0865511 -0.4463836 0 1 0
0.47321272 -0.6167982 0.12586632 1 0 0
0.50769186 -0.38812193 0.22083135 0 0 0
0.47321272 -0.6167982 0.12586632 0 1 0
0.71483254 -0.6269063 0.06248124 1 1 0
0.7493117 -0.39823005 0.15744627 1 0 0
0.47321272 -0.6167982 0.12586632 0 1 0
0.7493117 -0.39823005 0.15744627 1 0 0
0.50769186 -0.38812193 0.22083135 0 0 0
0.34527487 -0.0865511 -0.4463836 0 1 0
0.58689475 -0.09665921 -0.5097687 1 1 0
0.5524156 -0.32533547 -0.6047337 1 0 0
0.34527487 -0.0865511 -0.4463836 0 1 0
0.5524156 -0.32533547 -0.6047337 1 0 0
0.31079572 -0.31522736 -0.5413486 0 0 0
0.31079572 -0.31522736 -0.5413486 0 1 0
0.5524156 -0.32533547 -0.6047337 1 1 0
0.71483254 -0.6269063 0.06248124 1 0 0
0.31079572 -0.31522736 -0.5413486 0 1 0
0.71483254 -0.6269063 0.06248124 1 0 0
0.47321272 -0.6167982 0.12586632 0 0 0
0.58689475 -0.09665921 -0.5097687 0 1 0
0.34527487 -0.0865511 -0.4463836 1 1 0
0.50769186 -0.38812193 0.22083135 1 0 0
0.58689475 -0.09665921 -0.5097687 0 1 0
0.50769186 -0.38812193 0.22083135 1 0 0
0.7493117 -0.39823005 0.15744627 0 0 0
0.48837763 -0.42455792 -0.12598544 0 1 105
0.7959999 0.28404766 -0.40102488 1 1 105
0.3704036 0.19877924 -1.0967238 1 0 105
0.48837763 -0.42455792 -0.12598544 0 1 105
0.3704036 0.19877924 -1.0967238 1 0 105
0.06278139 -0.50982636 -0.82168436 0 0 105
0.5277396 -0.4497918 -0.14697242 0 1 105
0.40976554 0.17354538 -1.1177108 1 0 105
0.8353618 0.2588138 -0.42201185 1 1 105
0.5277396 -0.4497918 -0.14697242 0 1 105
0.10214329 -0.5350602 -0.84267133 0 0 105
0.40976554 0.17354538 -1.1177108 1 0 105
# Pick 3 0.13
0.46646667 -0.39097807 -0.6208712 0 1 0
0.48278496 -0.15693328 -0.53451884 1 1 0
0.7211944 -0.41765007 0.12706089 1 0 0
0.46646667 -0.39097807 -0.6208712 0 1 0
0.7211944 -0.41765007 0.12706089 1 0 0
0.70487607 -0.6516949 0.040708512 0 0 0
0.24631453 -0.16998842 -0.4544482 0 1 0
0.2299962 -0.4040332 -0.5408006 1 1 0
0.46840563 -0.66475004 0.1207791 1 0 0
0.24631453 -0.16998842 -0.4544482 0 1 0
0.46840563 -0.66475004 0.1207791 1 0 0
0.48472393 -0.43070522 0.20713148 0 0 0
0.46840563 -0.66475004 0.1207791 0 1 0
0.70487607 -0.6516949 0.040708512 1 1 0
0.7211944 -0.41765007 0.12706089 1 0 0
0.46840563 -0.66475004 0.1207791 0 1 0
0.7211944 -0.41765007 0.12706089 1 0 0
0.48472393 -0.43070522 0.20713148 0 0 0
0.24631453 -0.16998842 -0.4544482 0 1 0
0.48278496 -0.15693328 -0.53451884 1 1 0
0.46646667 -0.39097807 -0.6208712 1 0 0
0.24631453 -0.16998842 -0.4544482 0 1 0
0.46646667 -0.39097807 -0.6208712 1 0 0
0.2299962 -0.4040332 -0.5408006 0 0 0
0.2299962 -0.4040332 -0.5408006 0 1 0
0.46646667 -0.39097807 -0.6208712 1 1 0
0.70487607 -0.6516949 0.040708512 1 0 0
0.2299962 -0.4040332 -0.5408006 0 1 0
0.70487607 -0.6516949 0.040708512 1 0 0
0.46840563 -0.66475004 0.1207791 0 0 0
0.48278496 -0.15693328 -0.53451884 0 1 0
0.24631453 -0.16998842 -0.4544482 1 1 0
0.48472393 -0.43070522 0.20713148 1 0 0
0.48278496 -0.15693328 -0.53451884 0 1 0
0.48472393 -0.43070522 0.20713148 1 0 0
0.7211944 -0.41765007 0.12706089 0 0 0
0.3818908 -0.55179644 -0.18125343 0 1 105
0.72171426 0.18762615 -0.28212023 1 1 105
0.34626377 0.26123914 -1.0073912 1 0 105
0.3818908 -0.55179644 -0.18125343 0 1 105
0.34626377 0.26123914 -1.0073912 1 0 105
0.0064403117 -0.47818348 -0.90652436 0 0 105
0.42220002 -0.5734683 -0.2043199 0 1 105
0.386573 0.23956731 -1.0304576 1 0 105
0.76202345 0.16595432 -0.3051867 1 1 105
0.42220002 -0.5734683 -0.2043199 0 1 105
0.046749502 -0.4998553 -0.9295908 0 0 105
0.386573 0.23956731 -1.0304576 1 0 105
# Pick 4 0.17
0.34902555 -0.5093327 -0.64296156 0 1 0
0.33538705 -0.27053916 -0.5702179 1 1 0
0.6722814 -0.44812393 0.07589807 1 0 0
0.34902555 -0.5093327 -0.64296156 0 1 0
0.6722814 -0.44812393 0.07589807 1 0 0
0.6859199 -0.6869175 0.0031544194 0 0 0
0.11244506 -0.31496447 -0.46618304 0 1 0
0.12608355 -0.553758 -0.53892666 1 1 0
0.46297792 -0.7313428 0.10718935 1 0 0
0.11244506 -0.31496447 -0.46618304 0 1 0
0.46297792 -0.7313428 0.10718935 1 0 0
0.4493394 -0.49254924 0.17993301 0 0 0
0.46297792 -0.7313428 0.10718935 0 1 0
0.6859199 -0.6869175 0.0031544194 1 1 0
0.6722814 -0.44812393 0.07589807 1 0 0
0.46297792 -0.7313428 0.10718935 0 1 0
0.6722814 -0.44812393 0.07589807 1 0 0
0.4493394 -0.49254924 0.17993301 0 0 0
0.11244506 -0.31496447 -0.46618304 0 1 0
0.33538705 -0.27053916 -0.5702179 1 1 0
0.34902555 -0.5093327 -0.64296156 1 0 0
0.11244506 -0.31496447 -0.46618304 0 1 0
0.34902555 -0.5093327 -0.64296156 1 0 0
0.12608355 -0.553758 -0.53892666 0 0 0
0.12608355 -0.553758 -0.53892666 0 1 0
0.34902555 -0.5093327 -0.64296156 1 1 0
0.6859199 -0.6869175 0.0031544194 1 0 0
0.12608355 -0.553758 -0.53892666 0 1 0
0.6859199 -0.6869175 0.0031544194 1 0 0
0.46297792 -0.7313428 0.10718935 0 0 0
0.33538705 -0.27053916 -0.5702179 0 1 0
0.11244506 -0.31496447 -0.46618304 1 1 0
0.4493394 -0.49254924 0.17993301 1 0 0
0.33538705 -0.27053916 -0.5702179 0 1 0
0.4493394 -0.49254924 0.17993301 1 0 0
0.6722814 -0.44812393 0.07589807 0 0 0
0.23967496 -0.735936 -0.2826064 0 1 105
0.619611 -0.023855269 -0.13772854 1 1 105
0.30628327 0.28418487 -0.83007026 1 0 105
0.23967496 -0.735936 -0.2826064 0 1 105
0.30628327 0.28418487 -0.83007026 1 0 105
-0.07365283 -0.4278958 -0.97494805 0 0 105
0.28065297 -0.75252527 -0.3085325 0 1 105
0.34726128 0.2675956 -0.8559964 1 0 105
0.6605891 -0.040444553 -0.16365466 1 1 105
0.28065297 -0.75252527 -0.3085325 0 1 105
-0.03267482 -0.4444851 -1.0008742 0 0 105
0.34726128 0.2675956 -0.8559964 1 0 105
# Pick 5 0.21
0.2242549 -0.64096546 -0.70706856 0 1 0
0.18320382 -0.4009679 -0.6503589 1 1 0
0.6026457 -0.47508946 -0.03304667 1 0 0
0.2242549 -0.64096546 -0.70706856 0 1 0
0.6026457 -0.47508946 -0.03304667 1 0 0
0.6436968 -0.71508706 -0.08975627 0 0 0
-0.019938648 -0.4664715 -0.52019596 0 1 0
0.021112382 -0.70646906 -0.5769056 1 1 0
0.4405543 -0.78059065 0.04040674 1 0 0
-0.019938648 -0.4664715 -0.52019596 0 1 0
0.4405543 -0.78059065 0.04040674 1 0 0
0.39950323 -0.540593 0.09711634 0 0 0
0.4405543 -0.78059065 0.04040674 0 1 0
0.6436968 -0.71508706 -0.08975627 1 1 0
0.6026457 -0.47508946 -0.03304667 1 0 0
0.4405543 -0.78059065 0.04040674 0 1 0
0.6026457 -0.47508946 -0.03304667 1 0 0
0.39950323 -0.540593 0.09711634 0 0 0
-0.019938648 -0.4664715 -0.52019596 0 1 0
0.18320382 -0.4009679 -0.6503589 1 1 0
0.2242549 -0.64096546 -0.70706856 1 0 0
-0.019938648 -0.4664715 -0.52019596 0 1 0
0.2242549 -0.64096546 -0.70706856 1 0 0
0.021112382 -0.70646906 -0.5769056 0 0 0
0.021112382 -0.70646906 -0.5769056 0 1 0
0.2242549 -0.64096546 -0.70706856 1 1 0
0.6436968 -0.71508706 -0.08975627 1 0 0
0.021112382 -0.70646906 -0.5769056 0 1 0
0.6436968 -0.71508706 -0.08975627 1 0 0
0.4405543 -0.78059065 0.04040674 0 0 0
0.18320382 -0.4009679 -0.6503589 0 1 0
-0.019938648 -0.4664715 -0.52019596 1 1 0
0.39950323 -0.540593 0.09711634 1 0 0
0.18320382 -0.4009679 -0.6503589 0 1 0
0.39950323 -0.540593 0.09711634 1 0 0
0.6026457 -0.47508946 -0.03304667 0 0 0
0.07626329 -0.8946019 -0.45140296 0 1 105
0.52901644 -0.32209584 -0.07770342 1 1 105
0.3005188 0.22705668 -0.642168 1 0 105
0.07626329 -0.8946019 -0.45140296 0 1 105
0.3005188 0.22705668 -0.642168 1 0 105
-0.15223432 -0.34544936 -1.0158675 0 0 105
0.11653598 -0.90757245 -0.4803242 0 1 105
0.34079146 0.21408612 -0.67108923 1 0 105
0.5692891 -0.3350664 -0.10662466 1 1 105
0.11653598 -0.90757245 -0.4803242 0 1 105
-0.11196166 -0.35841992 -1.0447888 0 0 105
0.34079146 0.21408612 -0.67108923 1 0 105
# Pick 6 0.25
0.15116507 -0.747216 -0.7493305 0 1 0
0.087704 -0.50942665 -0.70541084 1 1 0
0.5460368 -0.49673074 -0.11188756 1 0 0
0.15116507 -0.747216 -0.7493305 0 1 0
0.5460368 -0.49673074 -0.11188756 1 0 0
0.6094978 -0.7345201 -0.1558072 0 0 0
-0.09973052 -0.5864872 -0.5590211 0 1 0
-0.036269456 -0.8242765 -0.6029408 1 1 0
0.42206326 -0.8115806 -0.009417426 1 0 0
-0.09973052 -0.5864872 -0.5590211 0 1 0
0.42206326 -0.8115806 -0.009417426 1 0 0
0.35860223 -0.57379127 0.03450221 0 0 0
0.42206326 -0.8115806 -0.009417426 0 1 0
0.6094978 -0.7345201 -0.1558072 1 1 0
0.5460368 -0.49673074 -0.11188756 1 0 0
0.42206326 -0.8115806 -0.009417426 0 1 0
0.5460368 -0.49673074 -0.11188756 1 0 0
0.35860223 -0.57379127 0.03450221 0 0 0
-0.09973052 -0.5864872 -0.5590211 0 1 0
0.087704 -0.50942665 -0.70541084 1 1 0
0.15116507 -0.747216 -0.7493305 1 0 0
-0.09973052 -0.5864872 -0.5590211 0 1 0
0.15116507 -0.747216 -0.7493305 1 0 0
-0.036269456 -0.8242765 -0.6029408 0 0 0
-0.036269456 -0.8242765 -0.6029408 0 1 0
0.15116507 -0.747216 -0.7493305 1 1 0
0.6094978 -0.7345201 -0.1558072 1 0 0
-0.036269456 -0.8242765 -0.6029408 0 1 0
0.6094978 -0.7345201 -0.1558072 1 0 0
0.42206326 -0.8115806 -0.009417426 0 0 0
0.087704 -0.50942665 -0.70541084 0 1 0
-0.09973052 -0.5864872 -0.5590211 1 1 0
0.35860223 -0.57379127 0.03450221 1 0 0
0.087704 -0.50942665 -0.70541084 0 1 0
0.35860223 -0.57379127 0.03450221 1 0 0
0.5460368 -0.49673074 -0.11188756 0 0 0
-0.022595197 -0.9940498 -0.5593969 0 1 105
0.4657889 -0.54126877 -0.08099294 1 1 105
0.2962185 0.12063858 -0.53434116 1 0 105
-0.022595197 -0.9940498 -0.5593969 0 1 105
0.2962185 0.12063858 -0.53434116 1 0 105
-0.19216557 -0.3321425 -1.0127451 0 0 105
0.017185777 -1.0047423 -0.58988804 0 1 105
0.3359995 0.1099461 -0.56483227 1 0 105
0.5055699 -0.5519612 -0.11148405 1 1 105
0.017185777 -1.0047423 -0.58988804 0 1 105
-0.1523846 -0.34283495 -1.0432363 0 0 105
0.3359995 0.1099461 -0.56483227 1 0 105
# Pick 7 0.29
0.15506029 -0.76018375 -0.7450217 0 1 0
0.08937961 -0.5228555 -0.7018784 1 1 0
0.5424807 -0.5060642 -0.10445273 1 0 0
0.15506029 -0.76018375 -0.7450217 0 1 0
0.5424807 -0.5060642 -0.10445273 1 0 0
0.6081614 -0.74339247 -0.14759605 0 0 0
-0.09870246 -0.60123897 -0.5570297 0 1 0
-0.033021837 -0.83856726 -0.600173 1 1 0
0.4200793 -0.8217759 -0.0027472973 1 0 0
-0.09870246 -0.60123897 -0.5570297 0 1 0
0.4200793 -0.8217759 -0.0027472973 1 0 0
0.3543986 -0.5844476 0.04039602 0 0 0
0.4200793 -0.8217759 -0.0027472973 0 1 0
0.6081614 -0.74339247 -0.14759605 1 1 0
0.5424807 -0.5060642 -0.10445273 1 0 0
0.4200793 -0.8217759 -0.0027472973 0 1 0
0.5424807 -0.5060642 -0.10445273 1 0 0
0.3543986 -0.5844476 0.04039602 0 0 0
-0.09870246 -0.60123897 -0.5570297 0 1 0
0.08937961 -0.5228555 -0.7018784 1 1 0
0.15506029 -0.76018375 -0.7450217 1 0 0
-0.09870246 -0.60123897 -0.5570297 0 1 0
0.15506029 -0.76018375 -0.7450217 1 0 0
-0.033021837 -0.83856726 -0.600173 0 0 0
-0.033021837 -0.83856726 -0.600173 0 1 0
0.15506029 -0.76018375 -0.7450217 1 1 0
0.6081614 -0.74339247 -0.14759605 1 0 0
-0.033021837 -0.83856726 -0.600173 0 1 0
0.6081614 -0.74339247 -0.14759605 1 0 0
0.4200793 -0.8217759 -0.0027472973 0 0 0
0.08937961 -0.5228555 -0.7018784 0 1 0
-0.09870246 -0.60123897 -0.5570297 1 1 0
0.3543986 -0.5844476 0.04039602 1 0 0
0.08937961 -0.5228555 -0.7018784 0 1 0
0.3543986 -0.5844476 0.04039602 1 0 0
0.5424807 -0.5060642 -0.10445273 0 0 0
-0.009632051 -1.0105662 -0.5438495 0 1 105
0.46303087 -0.5247046 -0.08240804 1 1 105
0.2710481 0.1145094 -0.5587987 1 0 105
-0.009632051 -1.0105662 -0.5438495 0 1 105
0.2710481 0.1145094 -0.5587987 1 0 105
-0.20161481 -0.37135217 -1.0202402 0 0 105
0.030491412 -1.0209765 -0.5739875 0 1 105
0.31117156 0.104099095 -0.5889366 1 0 105
0.50315434 -0.5351149 -0.112546 1 1 105
0.030491412 -1.0209765 -0.5739875 0 1 105
-0.16149135 -0.3817625 -1.0503781 0 0 105
0.31117156 0.104099095 -0.5889366 1 0 105
# Pick 8 0.34
0.21233925 -0.6717637 -0.7253887 0 1 0
0.16756341 -0.43159682 -0.67233235 1 1 0
0.5836981 -0.49122596 -0.05122348 1 0 0
0.21233925 -0.6717637 -0.7253887 0 1 0
0.5836981 -0.49122596 -0.05122348 1 0 0
0.628474 -0.73139286 -0.10427978 0 0 0
-0.03554797 -0.49811584 -0.5426366 0 1 0
0.009227872 -0.73828274 -0.59569293 1 1 0
0.42536262 -0.7979119 0.025416024 1 0 0
-0.03554797 -0.49811584 -0.5426366 0 1 0
0.42536262 -0.7979119 0.025416024 1 0 0
0.38058677 -0.557745 0.07847232 0 0 0
0.42536262 -0.7979119 0.025416024 0 1 0
0.628474 -0.73139286 -0.10427978 1 1 0
0.5836981 -0.49122596 -0.05122348 1 0 0
0.42536262 -0.7979119 0.025416024 0 1 0
0.5836981 -0.49122596 -0.05122348 1 0 0
0.38058677 -0.557745 0.07847232 0 0 0
-0.03554797 -0.49811584 -0.5426366 0 1 0
0.16756341 -0.43159682 -0.67233235 1 1 0
0.21233925 -0.6717637 -0.7253887 1 0 0
-0.03554797 -0.49811584 -0.5426366 0 1 0
0.21233925 -0.6717637 -0.7253887 1 0 0
0.009227872 -0.73828274 -0.59569293 0 0 0
0.009227872 -0.73828274 -0.59569293 0 1 0
0.21233925 -0.6717637 -0.7253887 1 1 0
0.628474 -0.73139286 -0.10427978 1 0 0
0.009227872 -0.73828274 -0.59569293 0 1 0
0.628474 -0.73139286 -0.10427978 1 0 0
0.42536262 -0.7979119 0.025416024 0 0 0
0.16756341 -0.43159682 -0.67233235 0 1 0
-0.03554797 -0.49811584 -0.5426366 1 1 0
0.38058677 -0.557745 0.07847232 1 0 0
0.16756341 -0.43159682 -0.67233235 0 1 0
0.38058677 -0.557745 0.07847232 1 0 0
0.5836981 -0.49122596 -0.05122348 0 0 0
0.07377866 -0.92309904 -0.4565897 0 1 105
0.5068668 -0.31931195 -0.10978174 1 1 105
0.25819743 0.19629243 -0.69690657 1 0 105
0.07377866 -0.92309904 -0.4565897 0 1 105
0.25819743 0.19629243 -0.69690657 1 0 105
-0.17489074 -0.40749457 -1.0437145 0 0 105
0.1144276 -0.93590665 -0.48505354 0 1 105
0.29884636 0.18348482 -0.7253704 1 0 105
0.54751575 -0.3321196 -0.13824558 1 1 105
0.1144276 -0.93590665 -0.48505354 0 1 105
-0.1342418 -0.42030224 -1.0721784 0 0 105
0.29884636 0.18348482 -0.7253704 1 0 105
# Pick 9 0.38
0.3584422 -0.49013394 -0.67684716 0 1 0
0.35359603 -0.25092122 -0.6043642 1 1 0
0.6658621 -0.44286147 0.049966604 1 0 0
0.3584422 -0.49013394 -0.67684716 0 1 0
0.6658621 -0.44286147 0.049966604 1 0 0
0.6707083 -0.6820742 -0.022516377 0 0 0
0.12634712 -0.28532785 -0.50600713 0 1 0
0.13119328 -0.52454054 -0.5784901 1 1 0
0.4434594 -0.71648085 0.07584076 1 0 0
0.12634712 -0.28532785 -0.50600713 0 1 0
0.4434594 -0.71648085 0.07584076 1 0 0
0.4386132 -0.4772681 0.14832374 0 0 0
0.4434594 -0.71648085 0.07584076 0 1 0
0.6707083 -0.6820742 -0.022516377 1 1 0
0.6658621 -0.44286147 0.049966604 1 0 0
0.4434594 -0.71648085 0.07584076 0 1 0
0.6658621 -0.44286147 0.049966604 1 0 0
0.4386132 -0.4772681 0.14832374 0 0 0
0.12634712 -0.28532785 -0.50600713 0 1 0
0.35359603 -0.25092122 -0.6043642 1 1 0
0.3584422 -0.49013394 -0.67684716 1 0 0
0.12634712 -0.28532785 -0.50600713 0 1 0
0.3584422 -0.49013394 -0.67684716 1 0 0
0.13119328 -0.52454054 -0.5784901 0 0 0
0.13119328 -0.52454054 -0.5784901 0 1 0
0.3584422 -0.49013394 -0.67684716 1 1 0
0.6707083 -0.6820742 -0.022516377 1 0 0
0.13119328 -0.52454054 -0.5784901 0 1 0
0.6707083 -0.6820742 -0.022516377 1 0 0
0.4434594 -0.71648085 0.07584076 0 0 0
0.35359603 -0.25092122 -0.6043642 0 1 0
0.12634712 -0.28532785 -0.50600713 1 1 0
0.4386132 -0.4772681 0.14832374 1 0 0
0.35359603 -0.25092122 -0.6043642 0 1 0
0.4386132 -0.4772681 0.14832374 1 0 0
0.6658621 -0.44286147 0.049966604 0 0 0
0.25742695 -0.69415396 -0.2873557 0 1 105
0.6245217 0.03646724 -0.22543618 1 1 105
0.29191366 0.2641037 -0.9395466 1 0 105
0.25742695 -0.69415396 -0.2873557 0 1 105
0.29191366 0.2641037 -0.9395466 1 0 105
-0.07518107 -0.4665175 -1.001466 0 0 105
0.29826835 -0.7125649 -0.31224707 0 1 105
0.33275506 0.24569277 -0.96443796 1 0 105
0.6653631 0.018056318 -0.25032756 1 1 105
0.29826835 -0.7125649 -0.31224707 0 1 105
-0.034339666 -0.48492843 -1.0263574 0 0 105
0.33275506 0.24569277 -0.96443796 1 0 105
# Pick 10 rest
0.37065703 -0.5938717 -0.66399354 0 1 0
0.33707297 -0.35671896 -0.5923646 1 1 0
0.65515685 -0.51142704 0.06898862 1 0 0
0.37065703 -0.5938717 -0.66399354 0 1 0
0.65515685 -0.51142704 0.06898862 1 0 0
0.68874085 -0.7485798 -0.0026402622 0 0 0
0.11317527 -0.41671216 -0.49871296 0 1 0
0.14675933 -0.6538649 -0.5703419 1 1 0
0.46484315 -0.808573 0.091011375 1 0 0
0.11317527 -0.41671216 -0.49871296 0 1 0
0.46484315 -0.808573 0.091011375 1 0 0
0.43125913 -0.57142025 0.16264026 0 0 0
0.46484315 -0.808573 0.091011375 0 1 0
0.68874085 -0.7485798 -0.0026402622 1 1 0
0.65515685 -0.51142704 0.06898862 1 0 0
0.46484315 -0.808573 0.091011375 0 1 0
0.65515685 -0.51142704 0.06898862 1 0 0
0.43125913 -0.57142025 0.16264026 0 0 0
0.11317527 -0.41671216 -0.49871296 0 1 0
0.33707297 -0.35671896 -0.5923646 1 1 0
0.37065703 -0.5938717 -0.66399354 1 0 0
0.11317527 -0.41671216 -0.49871296 0 1 0
0.37065703 -0.5938717 -0.66399354 1 0 0
0.14675933 -0.6538649 -0.5703419 0 0 0
0.14675933 -0.6538649 -0.5703419 0 1 0
0.37065703 -0.5938717 -0.66399354 1 1 0
0.68874085 -0.7485798 -0.0026402622 1 0 0
0.14675933 -0.6538649 -0.5703419 0 1 0
0.68874085 -0.7485798 -0.0026402622 1 0 0
0.46484315 -0.808573 0.091011375 0 0 0
0.33707297 -0.35671896 -0.5923646 0 1 0
0.11317527 -0.41671216 -0.49871296 1 1 0
0.43125913 -0.57142025 0.16264026 1 0 0
0.33707297 -0.35671896 -0.5923646 0 1 0
0.43125913 -0.57142025 0.16264026 1 0 0
0.65515685 -0.51142704 0.06898862 0 0 0
0.24088217 -0.8406997 -0.3373084 0 1 105
0.59342563 -0.13874859 -0.10198358 1 1 105
0.32784957 0.22445306 -0.7875154 1 0 105
0.24088217 -0.8406997 -0.3373084 0 1 105
0.32784957 0.22445306 -0.7875154 1 0 105
-0.024693877 -0.47749802 -1.0228403 0 0 105
0.28407425 -0.8543569 -0.36127687 0 1 105
0.37104166 0.21079585 -0.81148386 1 0 105
0.63661766 -0.15240583 -0.12595198 1 1 105
0.28407425 -0.8543569 -0.36127687 0 1 105
0.018498212 -0.49115527 -1.0468087 0 0 105
0.37104166 0.21079585 -0.81148386 1 0 105
# Dig 0 0.00
0.4162069 -0.57962304 -0.5472214 0 1 0
0.37894303 -0.34081504 -0.48332977 1 1 0
0.69331694 -0.4705994 0.18511999 1 0 0
0.4162069 -0.57962304 -0.5472214 0 1 0
0.69331694 -0.4705994 0.18511999 1 0 0
0.7305808 -0.7094074 0.12122835 0 0 0
0.15504533 -0.40080824 -0.38967812 0 1 0
0.1923092 -0.63961625 -0.45356977 1 1 0
0.5066831 -0.7694006 0.21487999 1 0 0
0.15504533 -0.40080824 -0.38967812 0 1 0
0.5066831 -0.7694006 0.21487999 1 0 0
0.4694192 -0.5305926 0.27877164 0 0 0
0.5066831 -0.7694006 0.21487999 0 1 0
0.7305808 -0.7094074 0.12122835 1 1 0
0.69331694 -0.4705994 0.18511999 1 0 0
0.5066831 -0.7694006 0.21487999 0 1 0
0.69331694 -0.4705994 0.18511999 1 0 0
0.4694192 -0.5305926 0.27877164 0 0 0
0.15504533 -0.40080824 -0.38967812 0 1 0
0.37894303 -0.34081504 -0.48332977 1 1 0
0.4162069 -0.57962304 -0.5472214 1 0 0
0.15504533 -0.40080824 -0.38967812 0 1 0
0.4162069 -0.57962304 -0.5472214 1 0 0
0.1923092 -0.63961625 -0.45356977 0 0 0
0.1923092 -0.63961625 -0.45356977 0 1 0
0.4162069 -0.57962304 -0.5472214 1 1 0
0.7305808 -0.7094074 0.12122835 1 0 0
0.1923092 -0.63961625 -0.45356977 0 1 0
0.7305808 -0.7094074 0.12122835 1 0 0
0.5066831 -0.7694006 0.21487999 0 0 0
0.37894303 -0.34081504 -0.48332977 0 1 0
0.15504533 -0.40080824 -0.38967812 1 1 0
0.4694192 -0.5305926 0.27877164 1 0 0
0.37894303 -0.34081504 -0.48332977 0 1 0
0.4694192 -0.5305926 0.27877164 1 0 0
0.69331694 -0.4705994 0.18511999 0 0 0
0.350388 -0.76028025 -0.12890506 0 1 107
0.5807785 0.02586934 -0.16480845 1 1 107
0.21559358 0.09952977 -0.8952974 1 0 107
0.350388 -0.76028025 -0.12890506 0 1 107
0.21559358 0.09952977 -0.8952974 1 0 107
-0.0147969425 -0.68661976 -0.859394 0 0 107
0.39395726 -0.7741071 -0.15208042 0 1 107
0.25916284 0.08570287 -0.91847277 1 0 107
0.6243478 0.012042433 -0.18798381 1 1 107
0.39395726 -0.7741071 -0.15208042 0 1 107
0.028772324 -0.7004467 -0.8825694 0 0 107
0.25916284 0.08570287 -0.91847277 1 0 107
# Dig 1 0.05
0.43310028 -0.5584929 -0.51077044 0 1 0
0.396722 -0.31972998 -0.44620335 1 1 0
0.70647794 -0.45366096 0.22358295 1 0 0
0.43310028 -0.5584929 -0.51077044 0 1 0
0.70647794 -0.45366096 0.22358295 1 0 0
0.74285626 -0.6924238 0.1590159 0 0 0
0.17196512 -0.37888426 -0.35408866 0 1 0
0.20834339 -0.6176472 -0.41865575 1 1 0
0.51809937 -0.7515781 0.25113064 1 0 0
0.17196512 -0.37888426 -0.35408866 0 1 0
0.51809937 -0.7515781 0.25113064 1 0 0
0.48172107 -0.51281524 0.3156977 0 0 0
0.51809937 -0.7515781 0.25113064 0 1 0
0.74285626 -0.6924238 0.1590159 1 1 0
0.70647794 -0.45366096 0.22358295 1 0 0
0.51809937 -0.7515781 0.25113064 0 1 0
0.70647794 -0.45366096 0.22358295 1 0 0
0.48172107 -0.51281524 0.3156977 0 0 0
0.17196512 -0.37888426 -0.35408866 0 1 0
0.396722 -0.31972998 -0.44620335 1 1 0
0.43310028 -0.5584929 -0.51077044 1 0 0
0.17196512 -0.37888426 -0.35408866 0 1 0
0.43310028 -0.5584929 -0.51077044 1 0 0
0.20834339 -0.6176472 -0.41865575 0 0 0
0.20834339 -0.6176472 -0.41865575 0 1 0
0.43310028 -0.5584929 -0.51077044 1 1 0
0.74285626 -0.6924238 0.1590159 1 0 0
0.20834339 -0.6176472 -0.41865575 0 1 0
0.74285626 -0.6924238 0.1590159 1 0 0
0.51809937 -0.7515781 0.25113064 0 0 0
0.396722 -0.31972998 -0.44620335 0 1 0
0.17196512 -0.37888426 -0.35408866 1 1 0
0.48172107 -0.51281524 0.3156977 1 0 0
0.396722 -0.31972998 -0.44620335 0 1 0
0.48172107 -0.51281524 0.3156977 1 0 0
0.70647794 -0.45366096 0.22358295 0 0 0
0.37681115 -0.7241826 -0.07879093 0 1 107
0.58460677 0.06448585 -0.16377923 1 1 107
0.2079342 0.08527219 -0.89184904 1 0 107
0.37681115 -0.7241826 -0.07879093 0 1 107
0.2079342 0.08527219 -0.89184904 1 0 107
0.000138551 -0.70339626 -0.8068608 0 0 107
0.42044216 -0.7381538 -0.10176268 0 1 107
0.25156522 0.07130098 -0.9148208 1 0 107
0.62823784 0.05051464 -0.18675098 1 1 107
0.42044216 -0.7381538 -0.10176268 0 1 107
0.04376957 -0.7173675 -0.82983255 0 0 107
0.25156522 0.07130098 -0.9148208 1 0 107
# Dig 2 0.10
0.42385036 -0.5731392 -0.53301066 0 1 0
0.3863694 -0.33431834 -0.46929425 1 1 0
0.70162004 -0.46312225 0.19893214 1 0 0
0.42385036 -0.5731392 -0.53301066 0 1 0
0.70162004 -0.46312225 0.19893214 1 0 0
0.73910105 -0.7019431 0.13521579 0 0 0
0.16264495 -0.3944949 -0.3753466 0 1 0
0.20012596 -0.63331574 -0.439063 1 1 0
0.5153766 -0.76211965 0.22916344 1 0 0
0.16264495 -0.3944949 -0.3753466 0 1 0
0.5153766 -0.76211965 0.22916344 1 0 0
0.47789562 -0.5232988 0.2928798 0 0 0
0.5153766 -0.76211965 0.22916344 0 1 0
0.73910105 -0.7019431 0.13521579 1 1 0
0.70162004 -0.46312225 0.19893214 1 0 0
0.5153766 -0.76211965 0.22916344 0 1 0
0.70162004 -0.46312225 0.19893214 1 0 0
0.47789562 -0.5232988 0.2928798 0 0 0
0.16264495 -0.3944949 -0.3753466 0 1 0
0.3863694 -0.33431834 -0.46929425 1 1 0
0.42385036 -0.5731392 -0.53301066 1 0 0
0.16264495 -0.3944949 -0.3753466 0 1 0
0.42385036 -0.5731392 -0.53301066 1 0 0
0.20012596 -0.63331574 -0.439063 0 0 0
0.20012596 -0.63331574 -0.439063 0 1 0
0.42385036 -0.5731392 -0.53301066 1 1 0
0.73910105 -0.7019431 0.13521579 1 0 0
0.20012596 -0.63331574 -0.439063 0 1 0
0.73910105 -0.7019431 0.13521579 1 0 0
0.5153766 -0.76211965 0.22916344 0 0 0
0.3863694 -0.33431834 -0.46929425 0 1 0
0.16264495 -0.3944949 -0.3753466 1 1 0
0.47789562 -0.5232988 0.2928798 1 0 0
0.3863694 -0.33431834 -0.46929425 0 1 0
0.47789562 -0.5232988 0.2928798 1 0 0
0.70162004 -0.46312225 0.19893214 0 0 0
0.36927956 -0.7402681 -0.10246712 0 1 107
0.5764516 0.049051613 -0.1828047 1 1 107
0.19736129 0.07459083 -0.90946716 1 0 107
0.36927956 -0.7402681 -0.10246712 0 1 107
0.19736129 0.07459083 -0.90946716 1 0 107
-0.009810746 -0.71472883 -0.8291296 0 0 107
0.4128403 -0.7540637 -0.12567705 0 1 107
0.24092203 0.06079516 -0.9326771 1 0 107
0.62001234 0.03525594 -0.20601463 1 1 107
0.4128403 -0.7540637 -0.12567705 0 1 107
0.033749998 -0.72852457 -0.8523395 0 0 107
0.24092203 0.06079516 -0.9326771 1 0 107
# Dig 3 0.16
0.36359537 -0.66409075 -0.681836 0 1 0
0.3207637 -0.4250839 -0.62232816 1 1 0
0.6565355 -0.5298375 0.04007956 1 0 0
0.36359537 -0.66409075 -0.681836 0 1 0
0.6565355 -0.5298375 0.04007956 1 0 0
0.69936717 -0.7688443 -0.019428339 0 0 0
0.10135889 -0.4895547 -0.5213082 0 1 0
0.14419055 -0.7285615 -0.58081603 1 1 0
0.47996235 -0.83331513 0.081591636 1 0 0
0.10135889 -0.4895547 -0.5213082 0 1 0
0.47996235 -0.83331513 0.081591636 1 0 0
0.4371307 -0.5943083 0.14109953 0 0 0
0.47996235 -0.83331513 0.081591636 0 1 0
0.69936717 -0.7688443 -0.019428339 1 1 0
0.6565355 -0.5298375 0.04007956 1 0 0
0.47996235 -0.83331513 0.081591636 0 1 0
0.6565355 -0.5298375 0.04007956 1 0 0
0.4371307 -0.5943083 0.14109953 0 0 0
0.10135889 -0.4895547 -0.5213082 0 1 0
0.3207637 -0.4250839 -0.62232816 1 1 0
0.36359537 -0.66409075 -0.681836 1 0 0
0.10135889 -0.4895547 -0.5213082 0 1 0
0.36359537 -0.66409075 -0.681836 1 0 0
0.14419055 -0.7285615 -0.58081603 0 0 0
0.14419055 -0.7285615 -0.58081603 0 1 0
0.36359537 -0.66409075 -0.681836 1 1 0
0.69936717 -0.7688443 -0.019428339 1 0 0
0.14419055 -0.7285615 -0.58081603 0 1 0
0.69936717 -0.7688443 -0.019428339 1 0 0
0.47996235 -0.83331513 0.081591636 0 0 0
0.3207637 -0.4250839 -0.62232816 0 1 0
0.10135889 -0.4895547 -0.5213082 1 1 0
0.4371307 -0.5943083 0.14109953 1 0 0
0.3207637 -0.4250839 -0.62232816 0 1 0
0.4371307 -0.5943083 0.14109953 1 0 0
0.6565355 -0.5298375 0.04007956 0 0 0
0.27101454 -0.88255847 -0.31139532 0 1 107
0.56163096 -0.1240305 -0.1992462 1 1 107
0.23447442 0.10710171 -0.9147506 1 0 107
0.27101454 -0.88255847 -0.31139532 0 1 107
0.23447442 0.10710171 -0.9147506 1 0 107
-0.056142002 -0.6514262 -1.0268997 0 0 107
0.31435686 -0.8956108 -0.33542946 0 1 107
0.27781674 0.094049364 -0.9387847 1 0 107
0.6049733 -0.13708284 -0.22328034 1 1 107
0.31435686 -0.8956108 -0.33542946 0 1 107
-0.01279965 -0.66447854 -1.0509338 0 0 107
0.27781674 0.094049364 -0.9387847 1 0 107
# Dig 4 0.21
0.29988754 -0.76013374 -0.8382906 0 1 0
0.2509782 -0.52120554 -0.7833252 1 1 0
0.6077386 -0.5988868 -0.12820113 1 0 0
0.29988754 -0.76013374 -0.8382906 0 1 0
0.6077386 -0.5988868 -0.12820113 1 0 0
0.6566479 -0.8378149 -0.18316652 0 0 0
0.036581665 -0.59007376 -0.67473745 0 1 0
0.08549097 -0.82900196 -0.72970283 1 1 0
0.44225144 -0.90668315 -0.07457879 1 0 0
0.036581665 -0.59007376 -0.67473745 0 1 0
0.44225144 -0.90668315 -0.07457879 1 0 0
0.3933421 -0.667755 -0.0196134 0 0 0
0.44225144 -0.90668315 -0.07457879 0 1 0
0.6566479 -0.8378149 -0.18316652 1 1 0
0.6077386 -0.5988868 -0.12820113 1 0 0
0.44225144 -0.90668315 -0.07457879 0 1 0
0.6077386 -0.5988868 -0.12820113 1 0 0
0.3933421 -0.667755 -0.0196134 0 0 0
0.036581665 -0.59007376 -0.67473745 0 1 0
0.2509782 -0.52120554 -0.7833252 1 1 0
0.29988754 -0.76013374 -0.8382906 1 0 0
0.036581665 -0.59007376 -0.67473745 0 1 0
0.29988754 -0.76013374 -0.8382906 1 0 0
0.08549097 -0.82900196 -0.72970283 0 0 0
0.08549097 -0.82900196 -0.72970283 0 1 0
0.29988754 -0.76013374 -0.8382906 1 1 0
0.6566479 -0.8378149 -0.18316652 1 0 0
0.08549097 -0.82900196 -0.72970283 0 1 0
0.6566479 -0.8378149 -0.18316652 1 0 0
0.44225144 -0.90668315 -0.07457879 0 0 0
0.2509782 -0.52120554 -0.7833252 0 1 0
0.036581665 -0.59007376 -0.67473745 1 1 0
0.3933421 -0.667755 -0.0196134 1 0 0
0.2509782 -0.52120554 -0.7833252 0 1 0
0.3933421 -0.667755 -0.0196134 1 0 0
0.6077386 -0.5988868 -0.12820113 0 0 0
0.17269906 -1.0074683 -0.53246295 0 1 107
0.52763945 -0.32180893 -0.25625956 1 1 107
0.2604401 0.0828757 -0.9174969 1 0 107
0.17269906 -1.0074683 -0.53246295 0 1 107
0.2604401 0.0828757 -0.9174969 1 0 107
-0.09450026 -0.6027838 -1.1937003 0 0 107
0.2157752 -1.019732 -0.5573751 0 1 107
0.30351627 0.07061204 -0.94240904 1 0 107
0.5707156 -0.33407253 -0.28117168 1 1 107
0.2157752 -1.019732 -0.5573751 0 1 107
-0.0514241 -0.6150474 -1.2186124 0 0 107
0.30351627 0.07061204 -0.94240904 1 0 107
# Dig 5 0.26
0.28640592 -0.77105653 -0.8622225 0 1 0
0.23529005 -0.5322226 -0.80887884 1 1 0
0.59855086 -0.60023993 -0.15625708 1 0 0
0.28640592 -0.77105653 -0.8622225 0 1 0
0.59855086 -0.60023993 -0.15625708 1 0 0
0.6496667 -0.8390738 -0.20960072 0 0 0
0.022628069 -0.6025386 -0.69783586 0 1 0
0.07374394 -0.8413725 -0.7511795 1 1 0
0.43700475 -0.9093898 -0.09855775 1 0 0
0.022628069 -0.6025386 -0.69783586 0 1 0
0.43700475 -0.9093898 -0.09855775 1 0 0
0.38588887 -0.67055595 -0.04521411 0 0 0
0.43700475 -0.9093898 -0.09855775 0 1 0
0.6496667 -0.8390738 -0.20960072 1 1 0
0.59855086 -0.60023993 -0.15625708 1 0 0
0.43700475 -0.9093898 -0.09855775 0 1 0
0.59855086 -0.60023993 -0.15625708 1 0 0
0.38588887 -0.67055595 -0.04521411 0 0 0
0.022628069 -0.6025386 -0.69783586 0 1 0
0.23529005 -0.5322226 -0.80887884 1 1 0
0.28640592 -0.77105653 -0.8622225 1 0 0
0.022628069 -0.6025386 -0.69783586 0 1 0
0.28640592 -0.77105653 -0.8622225 1 0 0
0.07374394 -0.8413725 -0.7511795 0 0 0
0.07374394 -0.8413725 -0.7511795 0 1 0
0.28640592 -0.77105653 -0.8622225 1 1 0
0.6496667 -0.8390738 -0.20960072 1 0 0
0.07374394 -0.8413725 -0.7511795 0 1 0
0.6496667 -0.8390738 -0.20960072 1 0 0
0.43700475 -0.9093898 -0.09855775 0 0 0
0.23529005 -0.5322226 -0.80887884 0 1 0
0.022628069 -0.6025386 -0.69783586 1 1 0
0.38588887 -0.67055595 -0.04521411 1 0 0
0.23529005 -0.5322226 -0.80887884 0 1 0
0.38588887 -0.67055595 -0.04521411 1 0 0
0.59855086 -0.60023993 -0.15625708 0 0 0
0.19453126 -0.9990947 -0.5107759 0 1 107
0.4960896 -0.253455 -0.3511391 1 1 107
0.16708723 0.028637767 -1.0472577 1 0 107
0.19453126 -0.9990947 -0.5107759 0 1 107
0.16708723 0.028637767 -1.0472577 1 0 107
-0.13447115 -0.7170019 -1.2068945 0 0 107
0.23752561 -1.0110916 -0.5359577 0 1 107
0.21008158 0.016640902 -1.0724394 1 0 107
0.53908396 -0.2654519 -0.37632087 1 1 107
0.23752561 -1.0110916 -0.5359577 0 1 107
-0.09147677 -0.7289988 -1.2320763 0 0 107
0.21008158 0.016640902 -1.0724394 1 0 107
# Dig 6 0.31
0.30193135 -0.73171234 -0.80827916 0 1 0
0.25117663 -0.49285373 -0.75470185 1 1 0
0.6128163 -0.56255805 -0.10135816 1 0 0
0.30193135 -0.73171234 -0.80827916 0 1 0
0.6128163 -0.56255805 -0.10135816 1 0 0
0.663571 -0.80141664 -0.15493548 0 0 0
0.03812149 -0.5629017 -0.6442447 0 1 0
0.08887622 -0.8017603 -0.697822 1 1 0
0.45051593 -0.8714646 -0.044478253 1 0 0
0.03812149 -0.5629017 -0.6442447 0 1 0
0.45051593 -0.8714646 -0.044478253 1 0 0
0.3997612 -0.632606 0.009099066 0 0 0
0.45051593 -0.8714646 -0.044478253 0 1 0
0.663571 -0.80141664 -0.15493548 1 1 0
0.6128163 -0.56255805 -0.10135816 1 0 0
0.45051593 -0.8714646 -0.044478253 0 1 0
0.6128163 -0.56255805 -0.10135816 1 0 0
0.3997612 -0.632606 0.009099066 0 0 0
0.03812149 -0.5629017 -0.6442447 0 1 0
0.25117663 -0.49285373 -0.75470185 1 1 0
0.30193135 -0.73171234 -0.80827916 1 0 0
0.03812149 -0.5629017 -0.6442447 0 1 0
0.30193135 -0.73171234 -0.80827916 1 0 0
0.08887622 -0.8017603 -0.697822 0 0 0
0.08887622 -0.8017603 -0.697822 0 1 0
0.30193135 -0.73171234 -0.80827916 1 1 0
0.663571 -0.80141664 -0.15493548 1 0 0
0.08887622 -0.8017603 -0.697822 0 1 0
0.663571 -0.80141664 -0.15493548 1 0 0
0.45051593 -0.8714646 -0.044478253 0 0 0
0.25117663 -0.49285373 -0.75470185 0 1 0
0.03812149 -0.5629017 -0.6442447 1 1 0
0.3997612 -0.632606 0.009099066 1 0 0
0.25117663 -0.49285373 -0.75470185 0 1 0
0.3997612 -0.632606 0.009099066 1 0 0
0.6128163 -0.56255805 -0.10135816 0 0 0
0.28137344 -0.8824388 -0.37023607 0 1 107
0.43387663 -0.085865945 -0.4911264 1 1 107
0.015306547 -0.112665385 -1.1957403 1 0 107
0.28137344 -0.8824388 -0.37023607 0 1 107
0.015306547 -0.112665385 -1.1957403 1 0 107
-0.13719667 -0.9092382 -1.0748501 0 0 107
0.32440054 -0.89448583 -0.3953378 0 1 107
0.05833368 -0.12471244 -1.2208421 1 0 107
0.4769038 -0.097913 -0.5162281 1 1 107
0.32440054 -0.89448583 -0.3953378 0 1 107
-0.09416951 -0.9212853 -1.0999517 0 0 107
0.05833368 -0.12471244 -1.2208421 1 0 107
# Dig 7 0.36
0.32365698 -0.6920787 -0.7423594 0 1 0
0.27591646 -0.45315084 -0.6863743 1 1 0
0.63215894 -0.53541183 -0.031527434 1 0 0
0.32365698 -0.6920787 -0.7423594 0 1 0
0.63215894 -0.53541183 -0.031527434 1 0 0
0.67989945 -0.7743397 -0.08751251 0 0 0
0.06116107 -0.5214268 -0.57812226 0 1 0
0.10890159 -0.76035464 -0.63410735 1 1 0
0.4651441 -0.8426157 0.02073956 1 0 0
0.06116107 -0.5214268 -0.57812226 0 1 0
0.4651441 -0.8426157 0.02073956 1 0 0
0.41740358 -0.6036879 0.07672463 0 0 0
0.4651441 -0.8426157 0.02073956 0 1 0
0.67989945 -0.7743397 -0.08751251 1 1 0
0.63215894 -0.53541183 -0.031527434 1 0 0
0.4651441 -0.8426157 0.02073956 0 1 0
0.63215894 -0.53541183 -0.031527434 1 0 0
0.41740358 -0.6036879 0.07672463 0 0 0
0.06116107 -0.5214268 -0.57812226 0 1 0
0.27591646 -0.45315084 -0.6863743 1 1 0
0.32365698 -0.6920787 -0.7423594 1 0 0
0.06116107 -0.5214268 -0.57812226 0 1 0
0.32365698 -0.6920787 -0.7423594 1 0 0
0.10890159 -0.76035464 -0.63410735 0 0 0
0.10890159 -0.76035464 -0.63410735 0 1 0
0.32365698 -0.6920787 -0.7423594 1 1 0
0.67989945 -0.7743397 -0.08751251 1 0 0
0.10890159 -0.76035464 -0.63410735 0 1 0
0.67989945 -0.7743397 -0.08751251 1 0 0
0.4651441 -0.8426157 0.02073956 0 0 0
0.27591646 -0.45315084 -0.6863743 0 1 0
0.06116107 -0.5214268 -0.57812226 1 1 0
0.41740358 -0.6036879 0.07672463 1 0 0
0.27591646 -0.45315084 -0.6863743 0 1 0
0.41740358 -0.6036879 0.07672463 1 0 0
0.63215894 -0.53541183 -0.031527434 0 0 0
0.3238979 -0.8073113 -0.2815664 0 1 107
0.4226483 -0.023129106 -0.4999848 1 1 107
-0.011935249 -0.15838474 -1.182072 1 0 107
0.3238979 -0.8073113 -0.2815664 0 1 107
-0.011935249 -0.15838474 -1.182072 1 0 107
-0.11068568 -0.94256693 -0.9636537 0 0 107
0.3669179 -0.81968004 -0.3065234 0 1 107
0.03108479 -0.17075348 -1.2070291 1 0 107
0.46566835 -0.035497844 -0.5249418 1 1 107
0.3669179 -0.81968004 -0.3065234 0 1 107
-0.06766562 -0.95493567 -0.9886107 0 0 107
0.03108479 -0.17075348 -1.2070291 1 0 107
# Dig 8 0.42
0.3564036 -0.6476757 -0.65425944 0 1 0
0.31499097 -0.40885174 -0.5930376 1 1 0
0.65970826 -0.5175377 0.06412094 1 0 0
0.3564036 -0.6476757 -0.65425944 0 1 0
0.65970826 -0.5175377 0.06412094 1 0 0
0.7011209 -0.75636166 0.0028991029 0 0 0
0.09685877 -0.4732769 -0.48926988 0 1 0
0.13827136 -0.71210086 -0.5504917 1 1 0
0.4829887 -0.82078683 0.10666681 1 0 0
0.09685877 -0.4732769 -0.48926988 0 1 0
0.4829887 -0.82078683 0.10666681 1 0 0
0.44157606 -0.5819629 0.16788864 0 0 0
0.4829887 -0.82078683 0.10666681 0 1 0
0.7011209 -0.75636166 0.0028991029 1 1 0
0.65970826 -0.5175377 0.06412094 1 0 0
0.4829887 -0.82078683 0.10666681 0 1 0
0.65970826 -0.5175377 0.06412094 1 0 0
0.44157606 -0.5819629 0.16788864 0 0 0
0.09685877 -0.4732769 -0.48926988 0 1 0
0.31499097 -0.40885174 -0.5930376 1 1 0
0.3564036 -0.6476757 -0.65425944 1 0 0
0.09685877 -0.4732769 -0.48926988 0 1 0
0.3564036 -0.6476757 -0.65425944 1 0 0
0.13827136 -0.71210086 -0.5504917 0 0 0
0.13827136 -0.71210086 -0.5504917 0 1 0
0.3564036 -0.6476757 -0.65425944 1 1 0
0.7011209 -0.75636166 0.0028991029 1 0 0
0.13827136 -0.71210086 -0.5504917 0 1 0
0.7011209 -0.75636166 0.0028991029 1 0 0
0.4829887 -0.82078683 0.10666681 0 0 0
0.31499097 -0.40885174 -0.5930376 0 1 0
0.09685877 -0.4732769 -0.48926988 1 1 0
0.44157606 -0.5819629 0.16788864 1 0 0
0.31499097 -0.40885174 -0.5930376 0 1 0
0.44157606 -0.5819629 0.16788864 1 0 0
0.65970826 -0.5175377 0.06412094 0 0 0
0.32689613 -0.8038769 -0.21561253 0 1 107
0.5011068 -0.010977298 -0.33120155 1 1 107
0.089589834 -0.023940653 -1.0403459 1 0 107
0.32689613 -0.8038769 -0.21561253 0 1 107
0.089589834 -0.023940653 -1.0403459 1 0 107
-0.08462088 -0.8168403 -0.9247569 0 0 107
0.36986706 -0.8169186 -0.24031019 0 1 107
0.13256077 -0.036982387 -1.0650436 1 0 107
0.54407775 -0.024019033 -0.3558992 1 1 107
0.36986706 -0.8169186 -0.24031019 0 1 107
-0.041649923 -0.829882 -0.94945455 0 0 107
0.13256077 -0.036982387 -1.0650436 1 0 107
# Dig 9 0.47
0.38898137 -0.60850114 -0.586982 0 1 0
0.35107282 -0.3697961 -0.5230849 1 1 0
0.68059963 -0.49468428 0.13896872 1 0 0
0.38898137 -0.60850114 -0.586982 0 1 0
0.68059963 -0.49468428 0.13896872 1 0 0
0.71850824 -0.7333893 0.07507159 0 0 0
0.12971875 -0.43133387 -0.42451775 0 1 0
0.1676273 -0.6700389 -0.48841488 1 1 0
0.49715415 -0.79492706 0.17363878 1 0 0
0.12971875 -0.43133387 -0.42451775 0 1 0
0.49715415 -0.79492706 0.17363878 1 0 0
0.4592456 -0.556222 0.23753591 0 0 0
0.49715415 -0.79492706 0.17363878 0 1 0
0.71850824 -0.7333893 0.07507159 1 1 0
0.68059963 -0.49468428 0.13896872 1 0 0
0.49715415 -0.79492706 0.17363878 0 1 0
0.68059963 -0.49468428 0.13896872 1 0 0
0.4592456 -0.556222 0.23753591 0 0 0
0.12971875 -0.43133387 -0.42451775 0 1 0
0.35107282 -0.3697961 -0.5230849 1 1 0
0.38898137 -0.60850114 -0.586982 1 0 0
0.12971875 -0.43133387 -0.42451775 0 1 0
0.38898137 -0.60850114 -0.586982 1 0 0
0.1676273 -0.6700389 -0.48841488 0 0 0
0.1676273 -0.6700389 -0.48841488 0 1 0
0.38898137 -0.60850114 -0.586982 1 1 0
0.71850824 -0.7333893 0.07507159 1 0 0
0.1676273 -0.6700389 -0.48841488 0 1 0
0.71850824 -0.7333893 0.07507159 1 0 0
0.49715415 -0.79492706 0.17363878 0 0 0
0.35107282 -0.3697961 -0.5230849 0 1 0
0.12971875 -0.43133387 -0.42451775 1 1 0
0.4592456 -0.556222 0.23753591 1 0 0
0.35107282 -0.3697961 -0.5230849 0 1 0
0.4592456 -0.556222 0.23753591 1 0 0
0.68059963 -0.49468428 0.13896872 0 0 0
0.33549905 -0.7859354 -0.16460165 0 1 107
0.5543449 0.0026681125 -0.21569827 1 1 107
0.1707981 0.062304884 -0.9380108 1 0 107
0.33549905 -0.7859354 -0.16460165 0 1 107
0.1707981 0.062304884 -0.9380108 1 0 107
-0.04804775 -0.7262987 -0.88691413 0 0 107
0.37868282 -0.7994776 -0.18865028 0 1 107
0.21398185 0.04876277 -0.9620594 1 0 107
0.5975287 -0.010874003 -0.2397469 1 1 107
0.37868282 -0.7994776 -0.18865028 0 1 107
-0.0048640072 -0.73984075 -0.9109628 0 0 107
0.21398185 0.04876277 -0.9620594 1 0 107
# Dig 10 rest
0.37065703 -0.5938717 -0.66399354 0 1 0
0.33707297 -0.35671896 -0.5923646 1 1 0
0.65515685 -0.51142704 0.06898862 1 0 0
0.37065703 -0.5938717 -0.66399354 0 1 0
0.65515685 -0.51142704 0.06898862 1 0 0
0.68874085 -0.7485798 -0.0026402622 0 0 0
0.11317527 -0.41671216 -0.49871296 0 1 0
0.14675933 -0.6538649 -0.5703419 1 1 0
0.46484315 -0.808573 0.091011375 1 0 0
0.11317527 -0.41671216 -0.49871296 0 1 0
0.46484315 -0.808573 0.091011375 1 0 0
0.43125913 -0.57142025 0.16264026 0 0 0
0.46484315 -0.808573 0.091011375 0 1 0
0.68874085 -0.7485798 -0.0026402622 1 1 0
0.65515685 -0.51142704 0.06898862 1 0 0
0.46484315 -0.808573 0.091011375 0 1 0
0.65515685 -0.51142704 0.06898862 1 0 0
0.43125913 -0.57142025 0.16264026 0 0 0
0.11317527 -0.41671216 -0.49871296 0 1 0
0.33707297 -0.35671896 -0.5923646 1 1 0
0.37065703 -0.5938717 -0.66399354 1 0 0
0.11317527 -0.41671216 -0.49871296 0 1 0
0.37065703 -0.5938717 -0.66399354 1 0 0
0.14675933 -0.6538649 -0.5703419 0 0 0
0.14675933 -0.6538649 -0.5703419 0 1 0
0.37065703 -0.5938717 -0.66399354 1 1 0
0.68874085 -0.7485798 -0.0026402622 1 0 0
0.14675933 -0.6538649 -0.5703419 0 1 0
0.68874085 -0.7485798 -0.0026402622 1 0 0
0.46484315 -0.808573 0.091011375 0 0 0
0.33707297 -0.35671896 -0.5923646 0 1 0
0.11317527 -0.41671216 -0.49871296 1 1 0
0.43125913 -0.57142025 0.16264026 1 0 0
0.33707297 -0.35671896 -0.5923646 0 1 0
0.43125913 -0.57142025 0.16264026 1 0 0
0.65515685 -0.51142704 0.06898862 0 0 0
0.24088217 -0.8406997 -0.3373084 0 1 107
0.59342563 -0.13874859 -0.10198358 1 1 107
0.32784957 0.22445306 -0.7875154 1 0 107
0.24088217 -0.8406997 -0.3373084 0 1 107
0.32784957 0.22445306 -0.7875154 1 0 107
-0.024693877 -0.47749802 -1.0228403 0 0 107
0.28407425 -0.8543569 -0.36127687 0 1 107
0.37104166 0.21079585 -0.81148386 1 0 107
0.63661766 -0.15240583 -0.12595198 1 1 107
0.28407425 -0.8543569 -0.36127687 0 1 107
0.018498212 -0.49115527 -1.0468087 0 0 107
0.37104166 0.21079585 -0.81148386 1 0 107
# Slash 0 0.00
0.37065703 -0.5938717 -0.66399354 0 1 0
0.33707297 -0.35671896 -0.5923646 1 1 0
0.65515685 -0.51142704 0.06898862 1 0 0
0.37065703 -0.5938717 -0.66399354 0 1 0
0.65515685 -0.51142704 0.06898862 1 0 0
0.68874085 -0.7485798 -0.0026402622 0 0 0
0.11317527 -0.41671216 -0.49871296 0 1 0
0.14675933 -0.6538649 -0.5703419 1 1 0
0.46484315 -0.808573 0.091011375 1 0 0
0.11317527 -0.41671216 -0.49871296 0 1 0
0.46484315 -0.808573 0.091011375 1 0 0
0.43125913 -0.57142025 0.16264026 0 0 0
0.46484315 -0.808573 0.091011375 0 1 0
0.68874085 -0.7485798 -0.0026402622 1 1 0
0.65515685 -0.51142704 0.06898862 1 0 0
0.46484315 -0.808573 0.091011375 0 1 0
0.65515685 -0.51142704 0.06898862 1 0 0
0.43125913 -0.57142025 0.16264026 0 0 0
0.11317527 -0.41671216 -0.49871296 0 1 0
0.33707297 -0.35671896 -0.5923646 1 1 0
0.37065703 -0.5938717 -0.66399354 1 0 0
0.11317527 -0.41671216 -0.49871296 0 1 0
0.37065703 -0.5938717 -0.66399354 1 0 0
0.14675933 -0.6538649 -0.5703419 0 0 0
0.14675933 -0.6538649 -0.5703419 0 1 0
0.37065703 -0.5938717 -0.66399354 1 1 0
0.68874085 -0.7485798 -0.0026402622 1 0 0
0.14675933 -0.6538649 -0.5703419 0 1 0
0.68874085 -0.7485798 -0.0026402622 1 0 0
0.46484315 -0.808573 0.091011375 0 0 0
0.33707297 -0.35671896 -0.5923646 0 1 0
0.11317527 -0.41671216 -0.49871296 1 1 0
0.43125913 -0.57142025 0.16264026 1 0 0
0.33707297 -0.35671896 -0.5923646 0 1 0
0.43125913 -0.57142025 0.16264026 1 0 0
0.65515685 -0.51142704 0.06898862 0 0 0
0.24088217 -0.8406997 -0.3373084 0 1 108
0.59342563 -0.13874859 -0.10198358 1 1 108
0.32784957 0.22445306 -0.7875154 1 0 108
0.24088217 -0.8406997 -0.3373084 0 1 108
0.32784957 0.22445306 -0.7875154 1 0 108
-0.024693877 -0.47749802 -1.0228403 0 0 108
0.28407425 -0.8543569 -0.36127687 0 1 108
0.37104166 0.21079585 -0.81148386 1 0 108
0.63661766 -0.15240583 -0.12595198 1 1 108
0.28407425 -0.8543569 -0.36127687 0 1 108
0.018498212 -0.49115527 -1.0468087 0 0 108
0.37104166 0.21079585 -0.81148386 1 0 108
# Slash 1 0.04
0.49840298 -0.49090406 -0.6671439 0 1 0
0.48906916 -0.2558705 -0.5824556 1 1 0
0.71208245 -0.4907576 0.09400066 1 0 0
0.49840298 -0.49090406 -0.6671439 0 1 0
0.71208245 -0.4907576 0.09400066 1 0 0
0.72141623 -0.72579116 0.009312376 0 0 0
0.25055966 -0.2894712 -0.5154913 0 1 0
0.2598935 -0.5245048 -0.6001796 1 1 0
0.48290676 -0.7593919 0.07627665 1 0 0
0.25055966 -0.2894712 -0.5154913 0 1 0
0.48290676 -0.7593919 0.07627665 1 0 0
0.47357294 -0.52435833 0.16096494 0 0 0
0.48290676 -0.7593919 0.07627665 0 1 0
0.72141623 -0.72579116 0.009312376 1 1 0
0.71208245 -0.4907576 0.09400066 1 0 0
0.48290676 -0.7593919 0.07627665 0 1 0
0.71208245 -0.4907576 0.09400066 1 0 0
0.47357294 -0.52435833 0.16096494 0 0 0
0.25055966 -0.2894712 -0.5154913 0 1 0
0.48906916 -0.2558705 -0.5824556 1 1 0
0.49840298 -0.49090406 -0.6671439 1 0 0
0.25055966 -0.2894712 -0.5154913 0 1 0
0.49840298 -0.49090406 -0.6671439 1 0 0
0.2598935 -0.5245048 -0.6001796 0 0 0
0.2598935 -0.5245048 -0.6001796 0 1 0
0.49840298 -0.49090406 -0.6671439 1 1 0
0.72141623 -0.72579116 0.009312376 1 0 0
0.2598935 -0.5245048 -0.6001796 0 1 0
0.72141623 -0.72579116 0.009312376 1 0 0
0.48290676 -0.7593919 0.07627665 0 0 0
0.48906916 -0.2558705 -0.5824556 0 1 0
0.25055966 -0.2894712 -0.5154913 1 1 0
0.47357294 -0.52435833 0.16096494 1 0 0
0.48906916 -0.2558705 -0.5824556 0 1 0
0.47357294 -0.52435833 0.16096494 1 0 0
0.71208245 -0.4907576 0.09400066 0 0 0
0.21876419 -0.6584527 -0.31457958 0 1 108
0.8795555 -0.20217577 -0.14854893 1 1 108
0.79700875 0.17970651 -0.86948717 1 0 108
0.21876419 -0.6584527 -0.31457958 0 1 108
0.79700875 0.17970651 -0.86948717 1 0 108
0.13621742 -0.2765704 -1.0355178 0 0 108
0.24866903 -0.69371825 -0.3366839 0 1 108
0.8269136 0.14444095 -0.8915914 1 0 108
0.90946037 -0.23744135 -0.17065325 1 1 108
0.24866903 -0.69371825 -0.3366839 0 1 108
0.16612226 -0.31183597 -1.0576221 0 0 108
0.8269136 0.14444095 -0.8915914 1 0 108
# Slash 2 0.07
0.57358813 -0.4386794 -0.67313516 0 1 0
0.5764679 -0.20597285 -0.5818151 1 1 0
0.7427022 -0.47491828 0.09828378 1 0 0
0.57358813 -0.4386794 -0.67313516 0 1 0
0.7427022 -0.47491828 0.09828378 1 0 0
0.7398225 -0.70762485 0.006963715 0 0 0
0.33270302 -0.22360224 -0.529204 0 1 0
0.32982334 -0.45630878 -0.62052405 1 1 0
0.4960577 -0.7252543 0.059574794 1 0 0
0.33270302 -0.22360224 -0.529204 0 1 0
0.4960577 -0.7252543 0.059574794 1 0 0
0.49893737 -0.4925477 0.15089487 0 0 0
0.4960577 -0.7252543 0.059574794 0 1 0
0.7398225 -0.70762485 0.006963715 1 1 0
0.7427022 -0.47491828 0.09828378 1 0 0
0.4960577 -0.7252543 0.059574794 0 1 0
0.7427022 -0.47491828 0.09828378 1 0 0
0.49893737 -0.4925477 0.15089487 0 0 0
0.33270302 -0.22360224 -0.529204 0 1 0
0.5764679 -0.20597285 -0.5818151 1 1 0
0.57358813 -0.4386794 -0.67313516 1 0 0
0.33270302 -0.22360224 -0.529204 0 1 0
0.57358813 -0.4386794 -0.67313516 1 0 0
0.32982334 -0.45630878 -0.62052405 0 0 0
0.32982334 -0.45630878 -0.62052405 0 1 0
0.57358813 -0.4386794 -0.67313516 1 1 0
0.7398225 -0.70762485 0.006963715 1 0 0
0.32982334 -0.45630878 -0.62052405 0 1 0
0.7398225 -0.70762485 0.006963715 1 0 0
0.4960577 -0.7252543 0.059574794 0 0 0
0.5764679 -0.20597285 -0.5818151 0 1 0
0.33270302 -0.22360224 -0.529204 1 1 0
0.49893737 -0.4925477 0.15089487 1 0 0
0.5764679 -0.20597285 -0.5818151 0 1 0
0.49893737 -0.4925477 0.15089487 1 0 0
0.7427022 -0.47491828 0.09828378 0 0 0
0.23047006 -0.52847046 -0.31241313 0 1 108
1.0048454 -0.2969463 -0.17406753 1 1 108
1.0259838 0.07027525 -0.9069396 1 0 108
0.23047006 -0.52847046 -0.31241313 0 1 108
1.0259838 0.07027525 -0.9069396 1 0 108
0.25160843 -0.16124894 -1.0452852 0 0 108
0.247275 -0.5719493 -0.33371446 0 1 108
1.0427887 0.0267964 -0.928241 1 0 108
1.0216503 -0.34042513 -0.19536886 1 1 108
0.247275 -0.5719493 -0.33371446 0 1 108
0.26841336 -0.20472778 -1.0665866 0 0 108
1.0427887 0.0267964 -0.928241 1 0 108
# Slash 3 0.11
0.41060054 -0.53601146 -0.70382273 0 1 0
0.38694978 -0.2986439 -0.62900794 1 1 0
0.6813593 -0.4791487 0.036755625 1 0 0
0.41060054 -0.53601146 -0.70382273 0 1 0
0.6813593 -0.4791487 0.036755625 1 0 0
0.70501006 -0.71651626 -0.03805922 0 0 0
0.1582363 -0.34900653 -0.54152226 0 1 0
0.181887 -0.58637416 -0.61633706 1 1 0
0.47629654 -0.7668789 0.049426403 1 0 0
0.1582363 -0.34900653 -0.54152226 0 1 0
0.47629654 -0.7668789 0.049426403 1 0 0
0.45264578 -0.52951133 0.12424125 0 0 0
0.47629654 -0.7668789 0.049426403 0 1 0
0.70501006 -0.71651626 -0.03805922 1 1 0
0.6813593 -0.4791487 0.036755625 1 0 0
0.47629654 -0.7668789 0.049426403 0 1 0
0.6813593 -0.4791487 0.036755625 1 0 0
0.45264578 -0.52951133 0.12424125 0 0 0
0.1582363 -0.34900653 -0.54152226 0 1 0
0.38694978 -0.2986439 -0.62900794 1 1 0
0.41060054 -0.53601146 -0.70382273 1 0 0
0.1582363 -0.34900653 -0.54152226 0 1 0
0.41060054 -0.53601146 -0.70382273 1 0 0
0.181887 -0.58637416 -0.61633706 0 0 0
0.181887 -0.58637416 -0.61633706 0 1 0
0.41060054 -0.53601146 -0.70382273 1 1 0
0.70501006 -0.71651626 -0.03805922 1 0 0
0.181887 -0.58637416 -0.61633706 0 1 0
0.70501006 -0.71651626 -0.03805922 1 0 0
0.47629654 -0.7668789 0.049426403 0 0 0
0.38694978 -0.2986439 -0.62900794 0 1 0
0.1582363 -0.34900653 -0.54152226 1 1 0
0.45264578 -0.52951133 0.12424125 1 0 0
0.38694978 -0.2986439 -0.62900794 0 1 0
0.45264578 -0.52951133 0.12424125 1 0 0
0.6813593 -0.4791487 0.036755625 0 0 0
0.1856329 -0.7462692 -0.36803424 0 1 108
0.7430861 -0.18377048 -0.15533477 1 1 108
0.59805757 0.22344369 -0.8521442 1 0 108
0.1856329 -0.7462692 -0.36803424 0 1 108
0.59805757 0.22344369 -0.8521442 1 0 108
0.040604442 -0.33905506 -1.0648437 0 0 108
0.22210918 -0.77352464 -0.39155418 0 1 108
0.6345339 0.19618827 -0.8756641 1 0 108
0.77956235 -0.2110259 -0.1788547 1 1 108
0.22210918 -0.77352464 -0.39155418 0 1 108
0.0770807 -0.36631048 -1.0883636 0 0 108
0.6345339 0.19618827 -0.8756641 1 0 108
# Slash 4 0.14
0.24009395 -0.7056791 -0.71002305 0 1 0
0.17527056 -0.47022417 -0.65655446 1 1 0
0.5920028 -0.49696606 -0.03356237 1 0 0
0.24009395 -0.7056791 -0.71002305 0 1 0
0.5920028 -0.49696606 -0.03356237 1 0 0
0.6568262 -0.73242104 -0.08703097 0 0 0
-0.022217989 -0.5537796 -0.52803695 0 1 0
0.0426054 -0.7892345 -0.58150554 1 1 0
0.45933765 -0.81597644 0.0414866 1 0 0
-0.022217989 -0.5537796 -0.52803695 0 1 0
0.45933765 -0.81597644 0.0414866 1 0 0
0.39451426 -0.58052146 0.0949552 0 0 0
0.45933765 -0.81597644 0.0414866 0 1 0
0.6568262 -0.73242104 -0.08703097 1 1 0
0.5920028 -0.49696606 -0.03356237 1 0 0
0.45933765 -0.81597644 0.0414866 0 1 0
0.5920028 -0.49696606 -0.03356237 1 0 0
0.39451426 -0.58052146 0.0949552 0 0 0
-0.022217989 -0.5537796 -0.52803695 0 1 0
0.17527056 -0.47022417 -0.65655446 1 1 0
0.24009395 -0.7056791 -0.71002305 1 0 0
-0.022217989 -0.5537796 -0.52803695 0 1 0
0.24009395 -0.7056791 -0.71002305 1 0 0
0.0426054 -0.7892345 -0.58150554 0 0 0
0.0426054 -0.7892345 -0.58150554 0 1 0
0.24009395 -0.7056791 -0.71002305 1 1 0
0.6568262 -0.73242104 -0.08703097 1 0 0
0.0426054 -0.7892345 -0.58150554 0 1 0
0.6568262 -0.73242104 -0.08703097 1 0 0
0.45933765 -0.81597644 0.0414866 0 0 0
0.17527056 -0.47022417 -0.65655446 0 1 0
-0.022217989 -0.5537796 -0.52803695 1 1 0
0.39451426 -0.58052146 0.0949552 1 0 0
0.17527056 -0.47022417 -0.65655446 0 1 0
0.39451426 -0.58052146 0.0949552 1 0 0
0.5920028 -0.49696606 -0.03356237 0 0 0
0.24026397 -0.9642724 -0.44134593 0 1 108
0.37477377 -0.23449892 -0.09243649 1 1 108
-0.06450573 0.12840307 -0.6821277 1 0 108
0.24026397 -0.9642724 -0.44134593 0 1 108
-0.06450573 0.12840307 -0.6821277 1 0 108
-0.19901553 -0.60137033 -1.0310371 0 0 108
0.28271526 -0.9586359 -0.46950054 0 1 108
-0.022054441 0.13403952 -0.7102823 1 0 108
0.41722503 -0.22886252 -0.120591104 1 1 108
0.28271526 -0.9586359 -0.46950054 0 1 108
-0.15656427 -0.59573394 -1.0591917 0 0 108
-0.022054441 0.13403952 -0.7102823 1 0 108
# Slash 5 0.18
0.17172068 -0.8069817 -0.70281136 0 1 0
0.08405411 -0.57673067 -0.6603962 1 1 0
0.53963816 -0.5123763 -0.06811107 1 0 0
0.17172068 -0.8069817 -0.70281136 0 1 0
0.53963816 -0.5123763 -0.06811107 1 0 0
0.6273047 -0.7426274 -0.11052617 0 0 0
-0.09413874 -0.671727 -0.513009 0 1 0
-0.00647223 -0.901978 -0.5554241 1 1 0
0.44911182 -0.8376237 0.036861055 1 0 0
-0.09413874 -0.671727 -0.513009 0 1 0
0.44911182 -0.8376237 0.036861055 1 0 0
0.36144528 -0.60737264 0.07927615 0 0 0
0.44911182 -0.8376237 0.036861055 0 1 0
0.6273047 -0.7426274 -0.11052617 1 1 0
0.53963816 -0.5123763 -0.06811107 1 0 0
0.44911182 -0.8376237 0.036861055 0 1 0
0.53963816 -0.5123763 -0.06811107 1 0 0
0.36144528 -0.60737264 0.07927615 0 0 0
-0.09413874 -0.671727 -0.513009 0 1 0
0.08405411 -0.57673067 -0.6603962 1 1 0
0.17172068 -0.8069817 -0.70281136 1 0 0
-0.09413874 -0.671727 -0.513009 0 1 0
0.17172068 -0.8069817 -0.70281136 1 0 0
-0.00647223 -0.901978 -0.5554241 0 0 0
-0.00647223 -0.901978 -0.5554241 0 1 0
0.17172068 -0.8069817 -0.70281136 1 1 0
0.6273047 -0.7426274 -0.11052617 1 0 0
-0.00647223 -0.901978 -0.5554241 0 1 0
0.6273047 -0.7426274 -0.11052617 1 0 0
0.44911182 -0.8376237 0.036861055 0 0 0
0.08405411 -0.57673067 -0.6603962 0 1 0
-0.09413874 -0.671727 -0.513009 1 1 0
0.36144528 -0.60737264 0.07927615 1 0 0
0.08405411 -0.57673067 -0.6603962 0 1 0
0.36144528 -0.60737264 0.07927615 1 0 0
0.53963816 -0.5123763 -0.06811107 0 0 0
0.27018955 -1.0362444 -0.4933859 0 1 108
0.24532506 -0.35055768 -0.044370025 1 1 108
-0.3383486 -0.04999277 -0.5356803 1 0 108
0.27018955 -1.0362444 -0.4933859 0 1 108
-0.3383486 -0.04999277 -0.5356803 1 0 108
-0.3134841 -0.73567957 -0.98469615 0 0 108
0.3061532 -1.0153378 -0.5233207 0 1 108
-0.30238494 -0.029086173 -0.56561506 1 0 108
0.2812887 -0.32965106 -0.07430479 1 1 108
0.3061532 -1.0153378 -0.5233207 0 1 108
-0.27752045 -0.71477294 -1.0146309 0 0 108
-0.30238494 -0.029086173 -0.56561506 1 0 108
# Slash 6 0.22
0.17174867 -0.8086233 -0.6975635 0 1 0
0.08489266 -0.57808363 -0.6550491 1 1 0
0.5373217 -0.5173713 -0.05996756 1 0 0
0.17174867 -0.8086233 -0.6975635 0 1 0
0.5373217 -0.5173713 -0.05996756 1 0 0
0.6241777 -0.747911 -0.102482036 0 0 0
-0.09458566 -0.6726452 -0.5089476 0 1 0
-0.0077296495 -0.9031849 -0.55146205 1 1 0
0.44469938 -0.84247255 0.043619405 1 0 0
-0.09458566 -0.6726452 -0.5089476 0 1 0
0.44469938 -0.84247255 0.043619405 1 0 0
0.35784337 -0.6119329 0.08613388 0 0 0
0.44469938 -0.84247255 0.043619405 0 1 0
0.6241777 -0.747911 -0.102482036 1 1 0
0.5373217 -0.5173713 -0.05996756 1 0 0
0.44469938 -0.84247255 0.043619405 0 1 0
0.5373217 -0.5173713 -0.05996756 1 0 0
0.35784337 -0.6119329 0.08613388 0 0 0
-0.09458566 -0.6726452 -0.5089476 0 1 0
0.08489266 -0.57808363 -0.6550491 1 1 0
0.17174867 -0.8086233 -0.6975635 1 0 0
-0.09458566 -0.6726452 -0.5089476 0 1 0
0.17174867 -0.8086233 -0.6975635 1 0 0
-0.0077296495 -0.9031849 -0.55146205 0 0 0
-0.0077296495 -0.9031849 -0.55146205 0 1 0
0.17174867 -0.8086233 -0.6975635 1 1 0
0.6241777 -0.747911 -0.102482036 1 0 0
-0.0077296495 -0.9031849 -0.55146205 0 1 0
0.6241777 -0.747911 -0.102482036 1 0 0
0.44469938 -0.84247255 0.043619405 0 0 0
0.08489266 -0.57808363 -0.6550491 0 1 0
-0.09458566 -0.6726452 -0.5089476 1 1 0
0.35784337 -0.6119329 0.08613388 1 0 0
0.08489266 -0.57808363 -0.6550491 0 1 0
0.35784337 -0.6119329 0.08613388 1 0 0
0.5373217 -0.5173713 -0.05996756 0 0 0
0.2648676 -1.0407208 -0.49076676 0 1 108
0.24970578 -0.35862163 -0.035892457 1 1 108
-0.32875228 -0.0451186 -0.52528197 1 0 108
0.2648676 -1.0407208 -0.49076676 0 1 108
-0.32875228 -0.0451186 -0.52528197 1 0 108
-0.31359047 -0.7272178 -0.9801563 0 0 108
0.3011799 -1.0201 -0.52047807 0 1 108
-0.29244 -0.024497747 -0.5549933 1 0 108
0.28601807 -0.33800077 -0.06560376 1 1 108
0.3011799 -1.0201 -0.52047807 0 1 108
-0.27727818 -0.706597 -1.0098675 0 0 108
-0.29244 -0.024497747 -0.5549933 1 0 108
# Slash 7 0.25
0.20394582 -0.7624576 -0.69391704 0 1 0
0.12850338 -0.529022 -0.6457896 1 1 0
0.5614418 -0.51533574 -0.03351757 1 0 0
0.20394582 -0.7624576 -0.69391704 0 1 0
0.5614418 -0.51533574 -0.03351757 1 0 0
0.6368842 -0.74877137 -0.081645 0 0 0
-0.061186492 -0.61839193 -0.5096619 0 1 0
0.014255941 -0.8518276 -0.5577893 1 1 0
0.44719434 -0.8381414 0.054482684 1 0 0
-0.061186492 -0.61839193 -0.5096619 0 1 0
0.44719434 -0.8381414 0.054482684 1 0 0
0.3717519 -0.60470575 0.10261011 0 0 0
0.44719434 -0.8381414 0.054482684 0 1 0
0.6368842 -0.74877137 -0.081645 1 1 0
0.5614418 -0.51533574 -0.03351757 1 0 0
0.44719434 -0.8381414 0.054482684 0 1 0
0.5614418 -0.51533574 -0.03351757 1 0 0
0.3717519 -0.60470575 0.10261011 0 0 0
-0.061186492 -0.61839193 -0.5096619 0 1 0
0.12850338 -0.529022 -0.6457896 1 1 0
0.20394582 -0.7624576 -0.69391704 1 0 0
-0.061186492 -0.61839193 -0.5096619 0 1 0
0.20394582 -0.7624576 -0.69391704 1 0 0
0.014255941 -0.8518276 -0.5577893 0 0 0
0.014255941 -0.8518276 -0.5577893 0 1 0
0.20394582 -0.7624576 -0.69391704 1 1 0
0.6368842 -0.74877137 -0.081645 1 0 0
0.014255941 -0.8518276 -0.5577893 0 1 0
0.6368842 -0.74877137 -0.081645 1 0 0
0.44719434 -0.8381414 0.054482684 0 0 0
0.12850338 -0.529022 -0.6457896 0 1 0
-0.061186492 -0.61839193 -0.5096619 1 1 0
0.3717519 -0.60470575 0.10261011 1 0 0
0.12850338 -0.529022 -0.6457896 0 1 0
0.3717519 -0.60470575 0.10261011 1 0 0
0.5614418 -0.51533574 -0.03351757 0 0 0
0.25649816 -1.0108593 -0.45787635 0 1 108
0.2952452 -0.30182242 -0.047796637 1 1 108
-0.21559879 0.040006936 -0.59055924 1 0 108
0.25649816 -1.0108593 -0.45787635 0 1 108
-0.21559879 0.040006936 -0.59055924 1 0 108
-0.25434586 -0.66902995 -1.000639 0 0 108
0.2965146 -0.9964953 -0.48649314 0 1 108
-0.17558235 0.05437094 -0.619176 1 0 108
0.33526167 -0.2874584 -0.07641342 1 1 108
0.2965146 -0.9964953 -0.48649314 0 1 108
-0.21432939 -0.65466595 -1.0292557 0 0 108
-0.17558235 0.05437094 -0.619176 1 0 108
# Slash 8 0.29
0.2595371 -0.69554967 -0.6863208 0 1 0
0.2005403 -0.45933515 -0.62955725 1 1 0
0.5973421 -0.5126313 0.004641343 1 0 0
0.2595371 -0.69554967 -0.6863208 0 1 0
0.5973421 -0.5126313 0.004641343 1 0 0
0.6563389 -0.7488458 -0.0521222 0 0 0
-0.0032359362 -0.53925455 -0.50877595 0 1 0
0.05576086 -0.77546906 -0.5655395 1 1 0
0.45256263 -0.8287653 0.06865914 1 0 0
-0.0032359362 -0.53925455 -0.50877595 0 1 0
0.45256263 -0.8287653 0.06865914 1 0 0
0.39356583 -0.59255075 0.12542269 0 0 0
0.45256263 -0.8287653 0.06865914 0 1 0
0.6563389 -0.7488458 -0.0521222 1 1 0
0.5973421 -0.5126313 0.004641343 1 0 0
0.45256263 -0.8287653 0.06865914 0 1 0
0.5973421 -0.5126313 0.004641343 1 0 0
0.39356583 -0.59255075 0.12542269 0 0 0
-0.0032359362 -0.53925455 -0.50877595 0 1 0
0.2005403 -0.45933515 -0.62955725 1 1 0
0.2595371 -0.69554967 -0.6863208 1 0 0
-0.0032359362 -0.53925455 -0.50877595 0 1 0
0.2595371 -0.69554967 -0.6863208 1 0 0
0.05576086 -0.77546906 -0.5655395 0 0 0
0.05576086 -0.77546906 -0.5655395 0 1 0
0.2595371 -0.69554967 -0.6863208 1 1 0
0.6563389 -0.7488458 -0.0521222 1 0 0
0.05576086 -0.77546906 -0.5655395 0 1 0
0.6563389 -0.7488458 -0.0521222 1 0 0
0.45256263 -0.8287653 0.06865914 0 0 0
0.2005403 -0.45933515 -0.62955725 0 1 0
-0.0032359362 -0.53925455 -0.50877595 1 1 0
0.39356583 -0.59255075 0.12542269 1 0 0
0.2005403 -0.45933515 -0.62955725 0 1 0
0.39356583 -0.59255075 0.12542269 1 0 0
0.5973421 -0.5126313 0.004641343 0 0 0
0.24510446 -0.95615435 -0.41116202 0 1 108
0.38741347 -0.22475326 -0.068816304 1 1 108
-0.023185417 0.1401138 -0.6776517 1 0 108
0.24510446 -0.95615435 -0.41116202 0 1 108
-0.023185417 0.1401138 -0.6776517 1 0 108
-0.16549441 -0.59128726 -1.0199974 0 0 108
0.28856587 -0.95204425 -0.43800932 0 1 108
0.020275988 0.1442239 -0.704499 1 0 108
0.43087485 -0.22064319 -0.09566361 1 1 108
0.28856587 -0.95204425 -0.43800932 0 1 108
-0.12203303 -0.5871772 -1.0468447 0 0 108
0.020275988 0.1442239 -0.704499 1 0 108
# Slash 9 0.32
0.32335413 -0.63295174 -0.6746109 0 1 0
0.2798988 -0.3956597 -0.60900515 1 1 0
0.63231564 -0.5113451 0.042853095 1 0 0
0.32335413 -0.63295174 -0.6746109 0 1 0
0.63231564 -0.5113451 0.042853095 1 0 0
0.675771 -0.74863714 -0.02275261 0 0 0
0.06353822 -0.46425605 -0.5042071 0 1 0
0.106993526 -0.7015481 -0.56981283 1 1 0
0.45941043 -0.8172335 0.082045496 1 0 0
0.06353822 -0.46425605 -0.5042071 0 1 0
0.45941043 -0.8172335 0.082045496 1 0 0
0.41595507 -0.57994145 0.1476512 0 0 0
0.45941043 -0.8172335 0.082045496 0 1 0
0.675771 -0.74863714 -0.02275261 1 1 0
0.63231564 -0.5113451 0.042853095 1 0 0
0.45941043 -0.8172335 0.082045496 0 1 0
0.63231564 -0.5113451 0.042853095 1 0 0
0.41595507 -0.57994145 0.1476512 0 0 0
0.06353822 -0.46425605 -0.5042071 0 1 0
0.2798988 -0.3956597 -0.60900515 1 1 0
0.32335413 -0.63295174 -0.6746109 1 0 0
0.06353822 -0.46425605 -0.5042071 0 1 0
0.32335413 -0.63295174 -0.6746109 1 0 0
0.106993526 -0.7015481 -0.56981283 0 0 0
0.106993526 -0.7015481 -0.56981283 0 1 0
0.32335413 -0.63295174 -0.6746109 1 1 0
0.675771 -0.74863714 -0.02275261 1 0 0
0.106993526 -0.7015481 -0.56981283 0 1 0
0.675771 -0.74863714 -0.02275261 1 0 0
0.45941043 -0.8172335 0.082045496 0 0 0
0.2798988 -0.3956597 -0.60900515 0 1 0
0.06353822 -0.46425605 -0.5042071 1 1 0
0.41595507 -0.57994145 0.1476512 1 0 0
0.2798988 -0.3956597 -0.60900515 0 1 0
0.41595507 -0.57994145 0.1476512 1 0 0
0.63231564 -0.5113451 0.042853095 0 0 0
0.23933803 -0.89032805 -0.36657143 0 1 108
0.5040874 -0.165375 -0.089532405 1 1 108
0.1849663 0.2031399 -0.74889445 1 0 108
0.23933803 -0.89032805 -0.36657143 0 1 108
0.1849663 0.2031399 -0.74889445 1 0 108
-0.07978304 -0.5218131 -1.0259334 0 0 108
0.28355294 -0.8968948 -0.39164093 0 1 108
0.22918122 0.19657314 -0.7739639 1 0 108
0.5483023 -0.17194182 -0.11460194 1 1 108
0.28355294 -0.8968948 -0.39164093 0 1 108
-0.035568133 -0.5283799 -1.051003 0 0 108
0.22918122 0.19657314 -0.7739639 1 0 108
# Slash 10 rest
0.37065703 -0.5938717 -0.66399354 0 1 0
0.33707297 -0.35671896 -0.5923646 1 1 0
0.65515685 -0.51142704 0.06898862 1 0 0
0.37065703 -0.5938717 -0.66399354 0 1 0
0.65515685 -0.51142704 0.06898862 1 0 0
0.68874085 -0.7485798 -0.0026402622 0 0 0
0.11317527 -0.41671216 -0.49871296 0 1 0
0.14675933 -0.6538649 -0.5703419 1 1 0
0.46484315 -0.808573 0.091011375 1 0 0
0.11317527 -0.41671216 -0.49871296 0 1 0
0.46484315 -0.808573 0.091011375 1 0 0
0.43125913 -0.57142025 0.16264026 0 0 0
0.46484315 -0.808573 0.091011375 0 1 0
0.68874085 -0.7485798 -0.0026402622 1 1 0
0.65515685 -0.51142704 0.06898862 1 0 0
0.46484315 -0.808573 0.091011375 0 1 0
0.65515685 -0.51142704 0.06898862 1 0 0
0.43125913 -0.57142025 0.16264026 0 0 0
0.11317527 -0.41671216 -0.49871296 0 1 0
0.33707297 -0.35671896 -0.5923646 1 1 0
0.37065703 -0.5938717 -0.66399354 1 0 0
0.11317527 -0.41671216 -0.49871296 0 1 0
0.37065703 -0.5938717 -0.66399354 1 0 0
0.14675933 -0.6538649 -0.5703419 0 0 0
0.14675933 -0.6538649 -0.5703419 0 1 0
0.37065703 -0.5938717 -0.66399354 1 1 0
0.68874085 -0.7485798 -0.0026402622 1 0 0
0.14675933 -0.6538649 -0.5703419 0 1 0
0.68874085 -0.7485798 -0.0026402622 1 0 0
0.46484315 -0.808573 0.091011375 0 0 0
0.33707297 -0.35671896 -0.5923646 0 1 0
0.11317527 -0.41671216 -0.49871296 1 1 0
0.43125913 -0.57142025 0.16264026 1 0 0
0.33707297 -0.35671896 -0.5923646 0 1 0
0.43125913 -0.57142025 0.16264026 1 0 0
0.65515685 -0.51142704 0.06898862 0 0 0
0.24088217 -0.8406997 -0.3373084 0 1 108
0.59342563 -0.13874859 -0.10198358 1 1 108
0.32784957 0.22445306 -0.7875154 1 0 108
0.24088217 -0.8406997 -0.3373084 0 1 108
0.32784957 0.22445306 -0.7875154 1 0 108
-0.024693877 -0.47749802 -1.0228403 0 0 108
0.28407425 -0.8543569 -0.36127687 0 1 108
0.37104166 0.21079585 -0.81148386 1 0 108
0.63661766 -0.15240583 -0.12595198 1 1 108
0.28407425 -0.8543569 -0.36127687 0 1 108
0.018498212 -0.49115527 -1.0468087 0 0 108
0.37104166 0.21079585 -0.81148386 1 0 108
